#wls	flux	fluxerr	mangling_mask
3.289393E+03	-1.688469E+01	5.068966E-02	0.000000E+00
3.365337E+03	-1.697214E+01	3.905172E-02	0.000000E+00
3.443035E+03	-1.706068E+01	3.426335E-02	0.000000E+00
3.522526E+03	-1.714497E+01	3.257256E-02	0.000000E+00
3.603853E+03	-1.721866E+01	3.146263E-02	0.000000E+00
3.687058E+03	-1.727633E+01	3.038903E-02	0.000000E+00
3.772183E+03	-1.731619E+01	2.945667E-02	0.000000E+00
3.859274E+03	-1.734032E+01	2.872345E-02	0.000000E+00
3.948375E+03	-1.735357E+01	2.807890E-02	0.000000E+00
4.039534E+03	-1.736135E+01	2.737832E-02	0.000000E+00
4.132797E+03	-1.736633E+01	2.659909E-02	0.000000E+00
4.228214E+03	-1.736714E+01	2.586577E-02	0.000000E+00
4.325833E+03	-1.736001E+01	2.530503E-02	0.000000E+00
4.425707E+03	-1.734283E+01	2.482843E-02	0.000000E+00
4.527886E+03	-1.731760E+01	2.427511E-02	0.000000E+00
4.632424E+03	-1.728905E+01	2.357034E-02	0.000000E+00
4.739376E+03	-1.726242E+01	2.279541E-02	0.000000E+00
4.848796E+03	-1.724346E+01	2.217762E-02	0.000000E+00
4.960744E+03	-1.723391E+01	2.175156E-02	0.000000E+00
5.075276E+03	-1.723080E+01	2.123755E-02	0.000000E+00
5.192452E+03	-1.723234E+01	2.047212E-02	0.000000E+00
5.312333E+03	-1.723705E+01	1.953098E-02	0.000000E+00
5.434982E+03	-1.724032E+01	1.878243E-02	0.000000E+00
5.560463E+03	-1.723252E+01	1.868125E-02	0.000000E+00
5.688841E+03	-1.720723E+01	1.895721E-02	0.000000E+00
5.820183E+03	-1.717412E+01	1.884358E-02	0.000000E+00
5.954557E+03	-1.714424E+01	1.812782E-02	0.000000E+00
6.092034E+03	-1.712306E+01	1.693294E-02	0.000000E+00
6.232684E+03	-1.711348E+01	1.545002E-02	0.000000E+00
6.376582E+03	-1.711569E+01	1.405327E-02	0.000000E+00
6.523803E+03	-1.712548E+01	1.320427E-02	0.000000E+00
6.674422E+03	-1.713207E+01	1.284608E-02	0.000000E+00
6.828518E+03	-1.712670E+01	1.237960E-02	0.000000E+00
6.986173E+03	-1.710694E+01	1.169936E-02	0.000000E+00
7.147467E+03	-1.707596E+01	1.116642E-02	0.000000E+00
7.312485E+03	-1.703874E+01	1.090816E-02	0.000000E+00
7.481313E+03	-1.700058E+01	1.068338E-02	0.000000E+00
7.654039E+03	-1.696434E+01	1.023895E-02	0.000000E+00
7.830752E+03	-1.693121E+01	9.623430E-03	0.000000E+00
8.011546E+03	-1.690753E+01	9.338751E-03	0.000000E+00
8.196514E+03	-1.689493E+01	9.409971E-03	0.000000E+00
8.385752E+03	-1.688773E+01	9.479459E-03	0.000000E+00
8.579359E+03	-1.687855E+01	9.455196E-03	0.000000E+00
8.777436E+03	-1.686627E+01	9.311451E-03	0.000000E+00
8.980086E+03	-1.685182E+01	9.053523E-03	0.000000E+00
9.187415E+03	-1.683397E+01	9.199259E-03	0.000000E+00
9.399531E+03	-1.680924E+01	9.653054E-03	0.000000E+00
9.616544E+03	-1.677745E+01	9.915138E-03	0.000000E+00
9.838567E+03	-1.674328E+01	1.032917E-02	0.000000E+00
1.006572E+04	-1.671226E+01	1.096589E-02	0.000000E+00
1.029811E+04	-1.669101E+01	1.145889E-02	0.000000E+00
1.053587E+04	-1.668002E+01	1.174353E-02	0.000000E+00
1.077912E+04	-1.667514E+01	1.191974E-02	0.000000E+00
1.102798E+04	-1.667942E+01	1.223965E-02	0.000000E+00
1.128259E+04	-1.669711E+01	1.261974E-02	0.000000E+00
1.154308E+04	-1.672594E+01	1.259825E-02	0.000000E+00
1.180958E+04	-1.675984E+01	1.231964E-02	0.000000E+00
1.208224E+04	-1.679487E+01	1.190945E-02	0.000000E+00
1.236119E+04	-1.683092E+01	1.142790E-02	0.000000E+00
1.264658E+04	-1.686429E+01	1.177658E-02	0.000000E+00
1.293856E+04	-1.688188E+01	1.252300E-02	0.000000E+00
1.323728E+04	-1.687251E+01	1.311885E-02	0.000000E+00
1.354290E+04	-1.684274E+01	1.408325E-02	0.000000E+00
1.385557E+04	-1.681676E+01	1.468486E-02	0.000000E+00
1.417546E+04	-1.681210E+01	1.419700E-02	0.000000E+00
1.450274E+04	-1.682263E+01	1.319657E-02	0.000000E+00
1.483757E+04	-1.682860E+01	1.236798E-02	0.000000E+00
1.518014E+04	-1.681919E+01	1.167904E-02	0.000000E+00
1.553061E+04	-1.680530E+01	1.117871E-02	0.000000E+00
1.588918E+04	-1.680731E+01	1.066804E-02	0.000000E+00
1.625602E+04	-1.683398E+01	1.012214E-02	0.000000E+00
1.663133E+04	-1.687390E+01	1.034000E-02	0.000000E+00
1.701531E+04	-1.690970E+01	1.094041E-02	0.000000E+00
1.740815E+04	-1.692949E+01	1.150156E-02	0.000000E+00
1.781007E+04	-1.692243E+01	1.250462E-02	0.000000E+00
1.822126E+04	-1.688766E+01	1.422264E-02	0.000000E+00
1.864194E+04	-1.684516E+01	1.549748E-02	0.000000E+00
1.907234E+04	-1.681772E+01	1.524803E-02	0.000000E+00
1.951268E+04	-1.680572E+01	1.402140E-02	0.000000E+00
1.996318E+04	-1.679660E+01	1.300646E-02	0.000000E+00
2.042408E+04	-1.678904E+01	1.243574E-02	0.000000E+00
2.089563E+04	-1.679379E+01	1.179257E-02	0.000000E+00
2.137806E+04	-1.681860E+01	1.122866E-02	0.000000E+00
2.187163E+04	-1.686147E+01	1.213328E-02	0.000000E+00
2.237659E+04	-1.691527E+01	1.435318E-02	0.000000E+00
2.289321E+04	-1.696674E+01	1.675182E-02	0.000000E+00
2.342176E+04	-1.699910E+01	1.943180E-02	0.000000E+00
2.396252E+04	-1.700577E+01	2.488288E-02	0.000000E+00
2.451575E+04	-1.699260E+01	3.746936E-02	0.000000E+00
