#wls	flux	fluxerr	mangling_mask
3.289393E+03	-1.616305E+01	5.698725E-02	-2.239299E-03
3.365337E+03	-1.616277E+01	4.650642E-02	-2.239299E-03
3.443035E+03	-1.615094E+01	3.922000E-02	-2.239299E-03
3.522526E+03	-1.612299E+01	3.451394E-02	-2.239299E-03
3.603853E+03	-1.607569E+01	3.094310E-02	-2.239299E-03
3.687058E+03	-1.600928E+01	2.740857E-02	-2.239299E-03
3.772183E+03	-1.592927E+01	2.389379E-02	-2.239299E-03
3.859274E+03	-1.584572E+01	2.099651E-02	-2.239299E-03
3.948375E+03	-1.577117E+01	1.887751E-02	-2.239299E-03
4.039534E+03	-1.571528E+01	1.718509E-02	-2.239299E-03
4.132797E+03	-1.567915E+01	1.570894E-02	-2.049913E-03
4.228214E+03	-1.565639E+01	1.440045E-02	-1.790140E-03
4.325833E+03	-1.563845E+01	1.325906E-02	-1.524817E-03
4.425707E+03	-1.561983E+01	1.235887E-02	-1.253999E-03
4.527886E+03	-1.560004E+01	1.167883E-02	-9.777351E-04
4.632424E+03	-1.558118E+01	1.111100E-02	-6.960483E-04
4.739376E+03	-1.556460E+01	1.064596E-02	-4.086705E-04
4.848796E+03	-1.555117E+01	1.035262E-02	-1.151304E-04
4.960744E+03	-1.554133E+01	1.015805E-02	1.852978E-04
5.075276E+03	-1.553451E+01	9.953971E-03	4.935991E-04
5.192452E+03	-1.553048E+01	9.798272E-03	8.108541E-04
5.312333E+03	-1.552971E+01	9.673279E-03	1.138148E-03
5.434982E+03	-1.553293E+01	9.534113E-03	1.476566E-03
5.560463E+03	-1.553765E+01	9.428982E-03	1.827196E-03
5.688841E+03	-1.553934E+01	9.432425E-03	2.191126E-03
5.820183E+03	-1.553718E+01	9.447538E-03	2.569446E-03
5.954557E+03	-1.553346E+01	9.361042E-03	2.963248E-03
6.092034E+03	-1.553078E+01	9.189111E-03	3.373628E-03
6.232684E+03	-1.553139E+01	9.089584E-03	3.801678E-03
6.376582E+03	-1.553656E+01	9.145849E-03	4.247867E-03
6.523803E+03	-1.554657E+01	9.200819E-03	4.710510E-03
6.674422E+03	-1.555961E+01	9.217378E-03	5.187171E-03
6.828518E+03	-1.557559E+01	9.232568E-03	5.675274E-03
6.986173E+03	-1.559715E+01	9.280840E-03	6.172242E-03
7.147467E+03	-1.562580E+01	9.352194E-03	6.675501E-03
7.312485E+03	-1.565859E+01	9.411562E-03	7.182479E-03
7.481313E+03	-1.569085E+01	9.437197E-03	7.690600E-03
7.654039E+03	-1.571895E+01	9.462493E-03	8.197302E-03
7.830752E+03	-1.574257E+01	9.577956E-03	8.700821E-03
8.011546E+03	-1.576694E+01	9.806391E-03	9.200443E-03
8.196514E+03	-1.579348E+01	1.002746E-02	9.695610E-03
8.385752E+03	-1.581810E+01	1.022891E-02	1.018577E-02
8.579359E+03	-1.583704E+01	1.057544E-02	1.067037E-02
8.777436E+03	-1.585009E+01	1.126397E-02	1.114888E-02
8.980086E+03	-1.585639E+01	1.234092E-02	1.146503E-02
9.187415E+03	-1.585417E+01	1.370727E-02	1.146503E-02
9.399531E+03	-1.584321E+01	1.498502E-02	1.146503E-02
9.616544E+03	-1.582713E+01	1.577695E-02	1.146503E-02
9.838567E+03	-1.581271E+01	1.619207E-02	1.146503E-02
1.006572E+04	-1.580616E+01	1.648688E-02	1.146503E-02
1.029811E+04	-1.581261E+01	1.688860E-02	1.146503E-02
1.053587E+04	-1.583120E+01	1.758852E-02	1.146503E-02
1.077912E+04	-1.585573E+01	1.865685E-02	1.146503E-02
1.102798E+04	-1.588419E+01	1.984029E-02	1.146503E-02
1.128259E+04	-1.591653E+01	2.068222E-02	1.146503E-02
1.154308E+04	-1.595050E+01	2.084141E-02	1.146503E-02
1.180958E+04	-1.598363E+01	2.043290E-02	1.146503E-02
1.208224E+04	-1.601582E+01	1.976206E-02	1.146503E-02
1.236119E+04	-1.604857E+01	1.933694E-02	1.146503E-02
1.264658E+04	-1.607999E+01	1.993742E-02	1.146503E-02
1.293856E+04	-1.610229E+01	2.128581E-02	1.146503E-02
1.323728E+04	-1.610997E+01	2.283536E-02	1.146503E-02
1.354290E+04	-1.610891E+01	2.447653E-02	1.146503E-02
1.385557E+04	-1.611454E+01	2.567014E-02	1.146503E-02
1.417546E+04	-1.613712E+01	2.593393E-02	1.146503E-02
1.450274E+04	-1.617222E+01	2.549168E-02	1.146503E-02
1.483757E+04	-1.620694E+01	2.481565E-02	1.146503E-02
1.518014E+04	-1.623358E+01	2.413243E-02	1.146503E-02
1.553061E+04	-1.625687E+01	2.349422E-02	1.146503E-02
1.588918E+04	-1.628593E+01	2.286526E-02	1.146503E-02
1.625602E+04	-1.632255E+01	2.256686E-02	1.146503E-02
1.663133E+04	-1.635809E+01	2.315493E-02	1.146503E-02
1.701531E+04	-1.638252E+01	2.437735E-02	1.146503E-02
1.740815E+04	-1.639132E+01	2.575848E-02	1.146503E-02
1.781007E+04	-1.638352E+01	2.722907E-02	1.146503E-02
1.822126E+04	-1.636619E+01	2.872412E-02	1.146503E-02
1.864194E+04	-1.635757E+01	2.978796E-02	1.146503E-02
1.907234E+04	-1.637344E+01	3.005800E-02	1.146503E-02
1.951268E+04	-1.641172E+01	2.968455E-02	1.146503E-02
1.996318E+04	-1.645894E+01	2.898242E-02	1.146503E-02
2.042408E+04	-1.650733E+01	2.804476E-02	1.146503E-02
2.089563E+04	-1.655933E+01	2.692332E-02	1.146503E-02
2.137806E+04	-1.662093E+01	2.625402E-02	1.146503E-02
2.187163E+04	-1.669582E+01	2.733600E-02	1.146503E-02
2.237659E+04	-1.678253E+01	3.059433E-02	1.146503E-02
2.289321E+04	-1.687135E+01	3.557386E-02	1.146503E-02
2.342176E+04	-1.694786E+01	4.230680E-02	1.146503E-02
2.396252E+04	-1.700420E+01	5.181184E-02	1.146503E-02
2.451575E+04	-1.704191E+01	6.562138E-02	1.146503E-02
