#wls	flux	fluxerr	mangling_mask
3.289393E+03	-1.514037E+01	8.221335E-02	0.000000E+00
3.365337E+03	-1.515552E+01	6.776974E-02	0.000000E+00
3.443035E+03	-1.516049E+01	5.500335E-02	0.000000E+00
3.522526E+03	-1.515261E+01	4.474103E-02	0.000000E+00
3.603853E+03	-1.512968E+01	3.614325E-02	0.000000E+00
3.687058E+03	-1.509295E+01	2.789902E-02	0.000000E+00
3.772183E+03	-1.505054E+01	2.061406E-02	0.000000E+00
3.859274E+03	-1.501350E+01	1.615331E-02	0.000000E+00
3.948375E+03	-1.499068E+01	1.439740E-02	0.000000E+00
4.039534E+03	-1.498607E+01	1.362188E-02	0.000000E+00
4.132797E+03	-1.499711E+01	1.314434E-02	0.000000E+00
4.228214E+03	-1.501755E+01	1.280210E-02	0.000000E+00
4.325833E+03	-1.504069E+01	1.240401E-02	0.000000E+00
4.425707E+03	-1.506272E+01	1.208034E-02	0.000000E+00
4.527886E+03	-1.508358E+01	1.187370E-02	0.000000E+00
4.632424E+03	-1.510361E+01	1.168966E-02	0.000000E+00
4.739376E+03	-1.512223E+01	1.156471E-02	0.000000E+00
4.848796E+03	-1.514163E+01	1.153701E-02	0.000000E+00
4.960744E+03	-1.516259E+01	1.146121E-02	0.000000E+00
5.075276E+03	-1.518199E+01	1.132467E-02	0.000000E+00
5.192452E+03	-1.519921E+01	1.130030E-02	0.000000E+00
5.312333E+03	-1.521637E+01	1.131419E-02	0.000000E+00
5.434982E+03	-1.523607E+01	1.126134E-02	0.000000E+00
5.560463E+03	-1.525580E+01	1.121865E-02	0.000000E+00
5.688841E+03	-1.527256E+01	1.128121E-02	0.000000E+00
5.820183E+03	-1.528960E+01	1.134821E-02	0.000000E+00
5.954557E+03	-1.530871E+01	1.133458E-02	0.000000E+00
6.092034E+03	-1.532765E+01	1.126554E-02	0.000000E+00
6.232684E+03	-1.534466E+01	1.112853E-02	0.000000E+00
6.376582E+03	-1.535968E+01	1.087742E-02	0.000000E+00
6.523803E+03	-1.537462E+01	1.068845E-02	0.000000E+00
6.674422E+03	-1.538988E+01	1.088943E-02	0.000000E+00
6.828518E+03	-1.540510E+01	1.157581E-02	0.000000E+00
6.986173E+03	-1.542052E+01	1.261431E-02	0.000000E+00
7.147467E+03	-1.543716E+01	1.353054E-02	0.000000E+00
7.312485E+03	-1.545339E+01	1.408063E-02	0.000000E+00
7.481313E+03	-1.546810E+01	1.437649E-02	0.000000E+00
7.654039E+03	-1.548081E+01	1.459688E-02	0.000000E+00
7.830752E+03	-1.549121E+01	1.485764E-02	0.000000E+00
8.011546E+03	-1.550542E+01	1.517641E-02	0.000000E+00
8.196514E+03	-1.552555E+01	1.548251E-02	0.000000E+00
8.385752E+03	-1.554943E+01	1.574585E-02	0.000000E+00
8.579359E+03	-1.557617E+01	1.598813E-02	0.000000E+00
8.777436E+03	-1.560858E+01	1.624730E-02	0.000000E+00
8.980086E+03	-1.564502E+01	1.653813E-02	0.000000E+00
9.187415E+03	-1.568056E+01	1.694207E-02	0.000000E+00
9.399531E+03	-1.571240E+01	1.742682E-02	0.000000E+00
9.616544E+03	-1.574396E+01	1.795599E-02	0.000000E+00
9.838567E+03	-1.578327E+01	1.893566E-02	0.000000E+00
1.006572E+04	-1.583575E+01	2.049491E-02	0.000000E+00
1.029811E+04	-1.590216E+01	2.279497E-02	0.000000E+00
1.053587E+04	-1.597195E+01	2.644972E-02	0.000000E+00
1.077912E+04	-1.602895E+01	3.156986E-02	0.000000E+00
1.102798E+04	-1.607000E+01	3.664816E-02	0.000000E+00
1.128259E+04	-1.609935E+01	3.982079E-02	0.000000E+00
1.154308E+04	-1.611904E+01	4.000232E-02	0.000000E+00
1.180958E+04	-1.613062E+01	3.722008E-02	0.000000E+00
1.208224E+04	-1.613870E+01	3.254217E-02	0.000000E+00
1.236119E+04	-1.615028E+01	2.872902E-02	0.000000E+00
1.264658E+04	-1.616766E+01	3.013651E-02	0.000000E+00
1.293856E+04	-1.618419E+01	3.672365E-02	0.000000E+00
1.323728E+04	-1.619329E+01	4.486960E-02	0.000000E+00
1.354290E+04	-1.619929E+01	5.228750E-02	0.000000E+00
1.385557E+04	-1.621753E+01	5.762583E-02	0.000000E+00
1.417546E+04	-1.625729E+01	6.017995E-02	0.000000E+00
1.450274E+04	-1.631037E+01	5.998515E-02	0.000000E+00
1.483757E+04	-1.636007E+01	5.747821E-02	0.000000E+00
1.518014E+04	-1.639787E+01	5.321848E-02	0.000000E+00
1.553061E+04	-1.643019E+01	4.801892E-02	0.000000E+00
1.588918E+04	-1.646654E+01	4.322534E-02	0.000000E+00
1.625602E+04	-1.650657E+01	4.113505E-02	0.000000E+00
1.663133E+04	-1.653960E+01	4.344196E-02	0.000000E+00
1.701531E+04	-1.655938E+01	4.877251E-02	0.000000E+00
1.740815E+04	-1.656828E+01	5.480405E-02	0.000000E+00
1.781007E+04	-1.656600E+01	6.011203E-02	0.000000E+00
1.822126E+04	-1.655684E+01	6.384526E-02	0.000000E+00
1.864194E+04	-1.656063E+01	6.530715E-02	0.000000E+00
1.907234E+04	-1.659530E+01	6.412433E-02	0.000000E+00
1.951268E+04	-1.665366E+01	6.029229E-02	0.000000E+00
1.996318E+04	-1.671446E+01	5.398547E-02	0.000000E+00
2.042408E+04	-1.676772E+01	4.554069E-02	0.000000E+00
2.089563E+04	-1.681862E+01	3.593687E-02	0.000000E+00
2.137806E+04	-1.687619E+01	2.891506E-02	0.000000E+00
2.187163E+04	-1.694710E+01	3.210444E-02	0.000000E+00
2.237659E+04	-1.703452E+01	4.539218E-02	0.000000E+00
2.289321E+04	-1.712995E+01	6.294430E-02	0.000000E+00
2.342176E+04	-1.721381E+01	8.222277E-02	0.000000E+00
2.396252E+04	-1.727367E+01	1.029058E-01	0.000000E+00
2.451575E+04	-1.731056E+01	1.256807E-01	0.000000E+00
