#wls	flux	fluxerr	mangling_mask
3.289393E+03	-1.683495E+01	7.149517E-02	0.000000E+00
3.365337E+03	-1.692419E+01	6.256200E-02	0.000000E+00
3.443035E+03	-1.701564E+01	5.903324E-02	0.000000E+00
3.522526E+03	-1.710393E+01	5.755739E-02	0.000000E+00
3.603853E+03	-1.718267E+01	5.641271E-02	0.000000E+00
3.687058E+03	-1.724627E+01	5.524666E-02	0.000000E+00
3.772183E+03	-1.729276E+01	5.409766E-02	0.000000E+00
3.859274E+03	-1.732396E+01	5.299497E-02	0.000000E+00
3.948375E+03	-1.734454E+01	5.189455E-02	0.000000E+00
4.039534E+03	-1.735986E+01	5.072687E-02	0.000000E+00
4.132797E+03	-1.737284E+01	4.947460E-02	0.000000E+00
4.228214E+03	-1.738242E+01	4.820619E-02	0.000000E+00
4.325833E+03	-1.738482E+01	4.699949E-02	0.000000E+00
4.425707E+03	-1.737763E+01	4.580376E-02	0.000000E+00
4.527886E+03	-1.736248E+01	4.452420E-02	0.000000E+00
4.632424E+03	-1.734377E+01	4.311622E-02	0.000000E+00
4.739376E+03	-1.732677E+01	4.161297E-02	0.000000E+00
4.848796E+03	-1.731751E+01	4.011506E-02	0.000000E+00
4.960744E+03	-1.731744E+01	3.862425E-02	0.000000E+00
5.075276E+03	-1.732270E+01	3.697500E-02	0.000000E+00
5.192452E+03	-1.733106E+01	3.506585E-02	0.000000E+00
5.312333E+03	-1.734067E+01	3.297491E-02	0.000000E+00
5.434982E+03	-1.734609E+01	3.108785E-02	0.000000E+00
5.560463E+03	-1.733644E+01	2.996658E-02	0.000000E+00
5.688841E+03	-1.730792E+01	2.946854E-02	0.000000E+00
5.820183E+03	-1.727160E+01	2.878124E-02	0.000000E+00
5.954557E+03	-1.723953E+01	2.751424E-02	0.000000E+00
6.092034E+03	-1.721832E+01	2.566597E-02	0.000000E+00
6.232684E+03	-1.721144E+01	2.337364E-02	0.000000E+00
6.376582E+03	-1.721908E+01	2.099698E-02	0.000000E+00
6.523803E+03	-1.723596E+01	1.909410E-02	0.000000E+00
6.674422E+03	-1.724947E+01	1.782026E-02	0.000000E+00
6.828518E+03	-1.724865E+01	1.667610E-02	0.000000E+00
6.986173E+03	-1.722929E+01	1.550290E-02	0.000000E+00
7.147467E+03	-1.719450E+01	1.459335E-02	0.000000E+00
7.312485E+03	-1.715123E+01	1.403222E-02	0.000000E+00
7.481313E+03	-1.710753E+01	1.357957E-02	0.000000E+00
7.654039E+03	-1.706822E+01	1.297654E-02	0.000000E+00
7.830752E+03	-1.703480E+01	1.223449E-02	0.000000E+00
8.011546E+03	-1.701300E+01	1.179961E-02	0.000000E+00
8.196514E+03	-1.700381E+01	1.172051E-02	0.000000E+00
8.385752E+03	-1.700163E+01	1.168666E-02	0.000000E+00
8.579359E+03	-1.699925E+01	1.157032E-02	0.000000E+00
8.777436E+03	-1.699586E+01	1.129730E-02	0.000000E+00
8.980086E+03	-1.699258E+01	1.091727E-02	0.000000E+00
9.187415E+03	-1.698760E+01	1.106782E-02	0.000000E+00
9.399531E+03	-1.697648E+01	1.168920E-02	0.000000E+00
9.616544E+03	-1.695846E+01	1.221285E-02	0.000000E+00
9.838567E+03	-1.693812E+01	1.290830E-02	0.000000E+00
1.006572E+04	-1.692082E+01	1.385037E-02	0.000000E+00
1.029811E+04	-1.691293E+01	1.467659E-02	0.000000E+00
1.053587E+04	-1.691413E+01	1.526840E-02	0.000000E+00
1.077912E+04	-1.691672E+01	1.563194E-02	0.000000E+00
1.102798E+04	-1.692420E+01	1.599183E-02	0.000000E+00
1.128259E+04	-1.694234E+01	1.636260E-02	0.000000E+00
1.154308E+04	-1.696996E+01	1.639379E-02	0.000000E+00
1.180958E+04	-1.700125E+01	1.614314E-02	0.000000E+00
1.208224E+04	-1.703245E+01	1.564635E-02	0.000000E+00
1.236119E+04	-1.706436E+01	1.503348E-02	0.000000E+00
1.264658E+04	-1.709449E+01	1.527872E-02	0.000000E+00
1.293856E+04	-1.710985E+01	1.607691E-02	0.000000E+00
1.323728E+04	-1.709835E+01	1.672359E-02	0.000000E+00
1.354290E+04	-1.706615E+01	1.751037E-02	0.000000E+00
1.385557E+04	-1.703819E+01	1.786124E-02	0.000000E+00
1.417546E+04	-1.703261E+01	1.724140E-02	0.000000E+00
1.450274E+04	-1.704268E+01	1.621818E-02	0.000000E+00
1.483757E+04	-1.704746E+01	1.539064E-02	0.000000E+00
1.518014E+04	-1.703543E+01	1.467090E-02	0.000000E+00
1.553061E+04	-1.701799E+01	1.402219E-02	0.000000E+00
1.588918E+04	-1.701665E+01	1.328546E-02	0.000000E+00
1.625602E+04	-1.704092E+01	1.254698E-02	0.000000E+00
1.663133E+04	-1.707938E+01	1.263944E-02	0.000000E+00
1.701531E+04	-1.711476E+01	1.322683E-02	0.000000E+00
1.740815E+04	-1.713544E+01	1.385435E-02	0.000000E+00
1.781007E+04	-1.712991E+01	1.487581E-02	0.000000E+00
1.822126E+04	-1.709618E+01	1.649125E-02	0.000000E+00
1.864194E+04	-1.705409E+01	1.762564E-02	0.000000E+00
1.907234E+04	-1.702685E+01	1.724593E-02	0.000000E+00
1.951268E+04	-1.701444E+01	1.588900E-02	0.000000E+00
1.996318E+04	-1.700378E+01	1.472510E-02	0.000000E+00
2.042408E+04	-1.699407E+01	1.402508E-02	0.000000E+00
2.089563E+04	-1.699698E+01	1.334451E-02	0.000000E+00
2.137806E+04	-1.702057E+01	1.288505E-02	0.000000E+00
2.187163E+04	-1.706232E+01	1.409721E-02	0.000000E+00
2.237659E+04	-1.711463E+01	1.677021E-02	0.000000E+00
2.289321E+04	-1.716383E+01	1.965851E-02	0.000000E+00
2.342176E+04	-1.719264E+01	2.275140E-02	0.000000E+00
2.396252E+04	-1.719435E+01	2.836199E-02	0.000000E+00
2.451575E+04	-1.717507E+01	4.103273E-02	0.000000E+00
