#wls	flux	fluxerr	mangling_mask
3.289393E+03	-1.499699E+01	9.100050E-02	9.115582E-02
3.365337E+03	-1.500613E+01	7.626791E-02	9.115582E-02
3.443035E+03	-1.500490E+01	6.259458E-02	9.115582E-02
3.522526E+03	-1.499112E+01	5.095070E-02	9.115582E-02
3.603853E+03	-1.496419E+01	4.091645E-02	9.115582E-02
3.687058E+03	-1.492726E+01	3.160809E-02	9.115582E-02
3.772183E+03	-1.488898E+01	2.347697E-02	9.022092E-02
3.859274E+03	-1.485982E+01	1.788417E-02	8.849912E-02
3.948375E+03	-1.484730E+01	1.492749E-02	8.677687E-02
4.039534E+03	-1.485354E+01	1.343544E-02	8.505877E-02
4.132797E+03	-1.487459E+01	1.269088E-02	8.334985E-02
4.228214E+03	-1.490344E+01	1.235332E-02	8.165554E-02
4.325833E+03	-1.493343E+01	1.211663E-02	7.998226E-02
4.425707E+03	-1.496133E+01	1.196586E-02	7.833637E-02
4.527886E+03	-1.498726E+01	1.188703E-02	7.672528E-02
4.632424E+03	-1.501184E+01	1.180311E-02	7.515714E-02
4.739376E+03	-1.503511E+01	1.173931E-02	7.364077E-02
4.848796E+03	-1.505862E+01	1.172987E-02	7.218526E-02
4.960744E+03	-1.508282E+01	1.168764E-02	7.080165E-02
5.075276E+03	-1.510556E+01	1.161113E-02	6.950066E-02
5.192452E+03	-1.512614E+01	1.161489E-02	6.829505E-02
5.312333E+03	-1.514605E+01	1.164513E-02	6.719765E-02
5.434982E+03	-1.516766E+01	1.162224E-02	6.622367E-02
5.560463E+03	-1.518987E+01	1.159309E-02	6.538760E-02
5.688841E+03	-1.521053E+01	1.161943E-02	6.470787E-02
5.820183E+03	-1.523151E+01	1.164697E-02	6.420188E-02
5.954557E+03	-1.525475E+01	1.162616E-02	6.388915E-02
6.092034E+03	-1.528018E+01	1.155576E-02	6.379266E-02
6.232684E+03	-1.530775E+01	1.139753E-02	6.393346E-02
6.376582E+03	-1.533718E+01	1.113936E-02	6.433791E-02
6.523803E+03	-1.536698E+01	1.094095E-02	6.503280E-02
6.674422E+03	-1.539571E+01	1.090174E-02	6.604647E-02
6.828518E+03	-1.542448E+01	1.094669E-02	6.741074E-02
6.986173E+03	-1.545430E+01	1.108140E-02	6.915838E-02
7.147467E+03	-1.548386E+01	1.119305E-02	7.132562E-02
7.312485E+03	-1.551044E+01	1.118816E-02	7.395077E-02
7.481313E+03	-1.553329E+01	1.113616E-02	7.707857E-02
7.654039E+03	-1.555270E+01	1.111274E-02	8.074983E-02
7.830752E+03	-1.556979E+01	1.113691E-02	8.500885E-02
8.011546E+03	-1.558992E+01	1.119647E-02	8.986812E-02
8.196514E+03	-1.561479E+01	1.125652E-02	9.530467E-02
8.385752E+03	-1.564271E+01	1.131856E-02	1.013023E-01
8.579359E+03	-1.567373E+01	1.141944E-02	1.078467E-01
8.777436E+03	-1.571060E+01	1.158715E-02	1.149282E-01
8.980086E+03	-1.575203E+01	1.182216E-02	1.225377E-01
9.187415E+03	-1.579278E+01	1.219037E-02	1.306688E-01
9.399531E+03	-1.582934E+01	1.267868E-02	1.392519E-01
9.616544E+03	-1.586461E+01	1.344129E-02	1.481638E-01
9.838567E+03	-1.590652E+01	1.519753E-02	1.572778E-01
1.006572E+04	-1.596103E+01	1.824079E-02	1.664691E-01
1.029811E+04	-1.602821E+01	2.250730E-02	1.678790E-01
1.053587E+04	-1.609795E+01	2.813402E-02	1.678790E-01
1.077912E+04	-1.615601E+01	3.482999E-02	1.678790E-01
1.102798E+04	-1.619814E+01	4.101919E-02	1.678790E-01
1.128259E+04	-1.622680E+01	4.484813E-02	1.678790E-01
1.154308E+04	-1.624431E+01	4.520031E-02	1.678790E-01
1.180958E+04	-1.625325E+01	4.206834E-02	1.678790E-01
1.208224E+04	-1.625851E+01	3.671608E-02	1.678790E-01
1.236119E+04	-1.626644E+01	3.244520E-02	1.678790E-01
1.264658E+04	-1.627971E+01	3.413893E-02	1.678790E-01
1.293856E+04	-1.629386E+01	4.200184E-02	1.678790E-01
1.323728E+04	-1.630415E+01	5.197833E-02	1.678790E-01
1.354290E+04	-1.631402E+01	6.113958E-02	1.678790E-01
1.385557E+04	-1.633444E+01	6.783751E-02	1.678790E-01
1.417546E+04	-1.637182E+01	7.123383E-02	1.678790E-01
1.450274E+04	-1.642011E+01	7.119964E-02	1.678790E-01
1.483757E+04	-1.646703E+01	6.808051E-02	1.678790E-01
1.518014E+04	-1.650601E+01	6.253498E-02	1.678790E-01
1.553061E+04	-1.654115E+01	5.569014E-02	1.678790E-01
1.588918E+04	-1.657902E+01	4.951307E-02	1.678790E-01
1.625602E+04	-1.661927E+01	4.702978E-02	1.678790E-01
1.663133E+04	-1.665411E+01	5.022468E-02	1.678790E-01
1.701531E+04	-1.667798E+01	5.741720E-02	1.678790E-01
1.740815E+04	-1.669125E+01	6.564612E-02	1.678790E-01
1.781007E+04	-1.669404E+01	7.290032E-02	1.678790E-01
1.822126E+04	-1.669126E+01	7.797967E-02	1.678790E-01
1.864194E+04	-1.669836E+01	8.008893E-02	1.678790E-01
1.907234E+04	-1.672848E+01	7.882266E-02	1.678790E-01
1.951268E+04	-1.677672E+01	7.412794E-02	1.678790E-01
1.996318E+04	-1.682765E+01	6.620809E-02	1.678790E-01
2.042408E+04	-1.687313E+01	5.560446E-02	1.678790E-01
2.089563E+04	-1.691659E+01	4.379830E-02	1.678790E-01
2.137806E+04	-1.696611E+01	3.540234E-02	1.678790E-01
2.187163E+04	-1.702876E+01	3.891869E-02	1.678790E-01
2.237659E+04	-1.710671E+01	5.448475E-02	1.678790E-01
2.289321E+04	-1.719168E+01	7.554430E-02	1.678790E-01
2.342176E+04	-1.726751E+01	9.883542E-02	1.678790E-01
2.396252E+04	-1.732335E+01	1.235147E-01	1.678790E-01
2.451575E+04	-1.735840E+01	1.497359E-01	1.678790E-01
