#wls	flux	fluxerr	mangling_mask
3.289393E+03	-1.710781E+01	5.090417E-02	0.000000E+00
3.365337E+03	-1.712554E+01	3.977780E-02	0.000000E+00
3.443035E+03	-1.713455E+01	3.320608E-02	0.000000E+00
3.522526E+03	-1.712931E+01	2.967595E-02	0.000000E+00
3.603853E+03	-1.710497E+01	2.717668E-02	0.000000E+00
3.687058E+03	-1.705951E+01	2.467310E-02	0.000000E+00
3.772183E+03	-1.699572E+01	2.227373E-02	0.000000E+00
3.859274E+03	-1.692111E+01	2.050667E-02	0.000000E+00
3.948375E+03	-1.684653E+01	1.934849E-02	0.000000E+00
4.039534E+03	-1.678125E+01	1.832730E-02	0.000000E+00
4.132797E+03	-1.672723E+01	1.722805E-02	0.000000E+00
4.228214E+03	-1.667974E+01	1.610425E-02	0.000000E+00
4.325833E+03	-1.663211E+01	1.505910E-02	0.000000E+00
4.425707E+03	-1.658098E+01	1.415105E-02	0.000000E+00
4.527886E+03	-1.652823E+01	1.333726E-02	0.000000E+00
4.632424E+03	-1.647839E+01	1.254617E-02	0.000000E+00
4.739376E+03	-1.643478E+01	1.184934E-02	0.000000E+00
4.848796E+03	-1.639924E+01	1.147255E-02	0.000000E+00
4.960744E+03	-1.637216E+01	1.139318E-02	0.000000E+00
5.075276E+03	-1.635229E+01	1.130648E-02	0.000000E+00
5.192452E+03	-1.633882E+01	1.114916E-02	0.000000E+00
5.312333E+03	-1.633163E+01	1.102112E-02	0.000000E+00
5.434982E+03	-1.633049E+01	1.104193E-02	0.000000E+00
5.560463E+03	-1.633130E+01	1.118237E-02	0.000000E+00
5.688841E+03	-1.631809E+01	1.130086E-02	0.000000E+00
5.820183E+03	-1.629230E+01	1.123222E-02	0.000000E+00
5.954557E+03	-1.626084E+01	1.091586E-02	0.000000E+00
6.092034E+03	-1.622737E+01	1.042271E-02	0.000000E+00
6.232684E+03	-1.619566E+01	1.001771E-02	0.000000E+00
6.376582E+03	-1.616860E+01	9.911562E-03	0.000000E+00
6.523803E+03	-1.614817E+01	9.959942E-03	0.000000E+00
6.674422E+03	-1.613268E+01	1.003302E-02	0.000000E+00
6.828518E+03	-1.612063E+01	1.004061E-02	0.000000E+00
6.986173E+03	-1.611465E+01	9.980327E-03	0.000000E+00
7.147467E+03	-1.611740E+01	9.884693E-03	0.000000E+00
7.312485E+03	-1.612705E+01	9.735372E-03	0.000000E+00
7.481313E+03	-1.613939E+01	9.533191E-03	0.000000E+00
7.654039E+03	-1.615115E+01	9.419357E-03	0.000000E+00
7.830752E+03	-1.616214E+01	9.505725E-03	0.000000E+00
8.011546E+03	-1.617206E+01	9.726303E-03	0.000000E+00
8.196514E+03	-1.618307E+01	9.865226E-03	0.000000E+00
8.385752E+03	-1.619189E+01	9.861206E-03	0.000000E+00
8.579359E+03	-1.619462E+01	9.799133E-03	0.000000E+00
8.777436E+03	-1.619139E+01	9.755059E-03	0.000000E+00
8.980086E+03	-1.618306E+01	9.756142E-03	0.000000E+00
9.187415E+03	-1.617020E+01	1.003881E-02	0.000000E+00
9.399531E+03	-1.615279E+01	1.051088E-02	0.000000E+00
9.616544E+03	-1.613404E+01	1.072028E-02	0.000000E+00
9.838567E+03	-1.612062E+01	1.070886E-02	0.000000E+00
1.006572E+04	-1.611785E+01	1.061970E-02	0.000000E+00
1.029811E+04	-1.611069E+01	1.052572E-02	0.000000E+00
1.053587E+04	-1.610800E+01	1.054424E-02	0.000000E+00
1.077912E+04	-1.611497E+01	1.077186E-02	0.000000E+00
1.102798E+04	-1.613143E+01	1.117905E-02	0.000000E+00
1.128259E+04	-1.615793E+01	1.151388E-02	0.000000E+00
1.154308E+04	-1.619134E+01	1.145193E-02	0.000000E+00
1.180958E+04	-1.622745E+01	1.114610E-02	0.000000E+00
1.208224E+04	-1.626431E+01	1.072644E-02	0.000000E+00
1.236119E+04	-1.630200E+01	1.035588E-02	0.000000E+00
1.264658E+04	-1.633711E+01	1.079732E-02	0.000000E+00
1.293856E+04	-1.635984E+01	1.162884E-02	0.000000E+00
1.323728E+04	-1.636317E+01	1.251412E-02	0.000000E+00
1.354290E+04	-1.635360E+01	1.379195E-02	0.000000E+00
1.385557E+04	-1.634926E+01	1.465517E-02	0.000000E+00
1.417546E+04	-1.636276E+01	1.435741E-02	0.000000E+00
1.450274E+04	-1.638990E+01	1.336234E-02	0.000000E+00
1.483757E+04	-1.641663E+01	1.240883E-02	0.000000E+00
1.518014E+04	-1.643481E+01	1.169113E-02	0.000000E+00
1.553061E+04	-1.645081E+01	1.120675E-02	0.000000E+00
1.588918E+04	-1.647644E+01	1.070938E-02	0.000000E+00
1.625602E+04	-1.651495E+01	1.029057E-02	0.000000E+00
1.663133E+04	-1.655654E+01	1.062650E-02	0.000000E+00
1.701531E+04	-1.658839E+01	1.142221E-02	0.000000E+00
1.740815E+04	-1.660310E+01	1.225667E-02	0.000000E+00
1.781007E+04	-1.659722E+01	1.340526E-02	0.000000E+00
1.822126E+04	-1.657674E+01	1.497487E-02	0.000000E+00
1.864194E+04	-1.656100E+01	1.608050E-02	0.000000E+00
1.907234E+04	-1.656785E+01	1.598427E-02	0.000000E+00
1.951268E+04	-1.659612E+01	1.507362E-02	0.000000E+00
1.996318E+04	-1.663249E+01	1.416741E-02	0.000000E+00
2.042408E+04	-1.667007E+01	1.350695E-02	0.000000E+00
2.089563E+04	-1.671254E+01	1.286903E-02	0.000000E+00
2.137806E+04	-1.676620E+01	1.257842E-02	0.000000E+00
2.187163E+04	-1.683377E+01	1.390960E-02	0.000000E+00
2.237659E+04	-1.691262E+01	1.689656E-02	0.000000E+00
2.289321E+04	-1.699221E+01	2.071693E-02	0.000000E+00
2.342176E+04	-1.705788E+01	2.565540E-02	0.000000E+00
2.396252E+04	-1.710248E+01	3.351510E-02	0.000000E+00
2.451575E+04	-1.712876E+01	4.663226E-02	0.000000E+00
