#wls	flux	fluxerr	mangling_mask
3.289393E+03	-1.508453E+01	9.007489E-02	0.000000E+00
3.365337E+03	-1.509259E+01	7.557527E-02	0.000000E+00
3.443035E+03	-1.509029E+01	6.208175E-02	0.000000E+00
3.522526E+03	-1.507570E+01	5.054776E-02	0.000000E+00
3.603853E+03	-1.504873E+01	4.058576E-02	0.000000E+00
3.687058E+03	-1.501302E+01	3.135867E-02	0.000000E+00
3.772183E+03	-1.497628E+01	2.331382E-02	0.000000E+00
3.859274E+03	-1.494831E+01	1.777795E-02	0.000000E+00
3.948375E+03	-1.493597E+01	1.484803E-02	0.000000E+00
4.039534E+03	-1.494052E+01	1.337122E-02	0.000000E+00
4.132797E+03	-1.495859E+01	1.263193E-02	0.000000E+00
4.228214E+03	-1.498445E+01	1.229252E-02	0.000000E+00
4.325833E+03	-1.501220E+01	1.205448E-02	0.000000E+00
4.425707E+03	-1.503859E+01	1.190176E-02	0.000000E+00
4.527886E+03	-1.506338E+01	1.182044E-02	0.000000E+00
4.632424E+03	-1.508685E+01	1.173534E-02	0.000000E+00
4.739376E+03	-1.510892E+01	1.167082E-02	0.000000E+00
4.848796E+03	-1.513103E+01	1.165982E-02	0.000000E+00
4.960744E+03	-1.515372E+01	1.161667E-02	0.000000E+00
5.075276E+03	-1.517505E+01	1.154016E-02	0.000000E+00
5.192452E+03	-1.519442E+01	1.154316E-02	0.000000E+00
5.312333E+03	-1.521329E+01	1.157301E-02	0.000000E+00
5.434982E+03	-1.523395E+01	1.155068E-02	0.000000E+00
5.560463E+03	-1.525530E+01	1.152235E-02	0.000000E+00
5.688841E+03	-1.527522E+01	1.154935E-02	0.000000E+00
5.820183E+03	-1.529558E+01	1.157804E-02	0.000000E+00
5.954557E+03	-1.531849E+01	1.155842E-02	0.000000E+00
6.092034E+03	-1.534401E+01	1.148785E-02	0.000000E+00
6.232684E+03	-1.537208E+01	1.132815E-02	0.000000E+00
6.376582E+03	-1.540224E+01	1.106722E-02	0.000000E+00
6.523803E+03	-1.543297E+01	1.086309E-02	0.000000E+00
6.674422E+03	-1.546281E+01	1.082030E-02	0.000000E+00
6.828518E+03	-1.549284E+01	1.086961E-02	0.000000E+00
6.986173E+03	-1.552416E+01	1.101086E-02	0.000000E+00
7.147467E+03	-1.555566E+01	1.112707E-02	0.000000E+00
7.312485E+03	-1.558470E+01	1.112489E-02	0.000000E+00
7.481313E+03	-1.561050E+01	1.107324E-02	0.000000E+00
7.654039E+03	-1.563334E+01	1.104885E-02	0.000000E+00
7.830752E+03	-1.565444E+01	1.107249E-02	0.000000E+00
8.011546E+03	-1.567917E+01	1.113224E-02	0.000000E+00
8.196514E+03	-1.570928E+01	1.119302E-02	0.000000E+00
8.385752E+03	-1.574316E+01	1.125601E-02	0.000000E+00
8.579359E+03	-1.578077E+01	1.135737E-02	0.000000E+00
8.777436E+03	-1.582470E+01	1.152436E-02	0.000000E+00
8.980086E+03	-1.587358E+01	1.175751E-02	0.000000E+00
9.187415E+03	-1.592230E+01	1.212122E-02	0.000000E+00
9.399531E+03	-1.596748E+01	1.260495E-02	0.000000E+00
9.616544E+03	-1.601194E+01	1.336641E-02	0.000000E+00
9.838567E+03	-1.606343E+01	1.511140E-02	0.000000E+00
1.006572E+04	-1.612766E+01	1.812743E-02	0.000000E+00
1.029811E+04	-1.619666E+01	2.235066E-02	0.000000E+00
1.053587E+04	-1.626660E+01	2.790178E-02	0.000000E+00
1.077912E+04	-1.632483E+01	3.447724E-02	0.000000E+00
1.102798E+04	-1.636713E+01	4.053649E-02	0.000000E+00
1.128259E+04	-1.639595E+01	4.427707E-02	0.000000E+00
1.154308E+04	-1.641360E+01	4.461601E-02	0.000000E+00
1.180958E+04	-1.642268E+01	4.155554E-02	0.000000E+00
1.208224E+04	-1.642804E+01	3.634419E-02	0.000000E+00
1.236119E+04	-1.643600E+01	3.221130E-02	0.000000E+00
1.264658E+04	-1.644922E+01	3.388469E-02	0.000000E+00
1.293856E+04	-1.646334E+01	4.155851E-02	0.000000E+00
1.323728E+04	-1.647368E+01	5.130674E-02	0.000000E+00
1.354290E+04	-1.648366E+01	6.027047E-02	0.000000E+00
1.385557E+04	-1.650409E+01	6.683157E-02	0.000000E+00
1.417546E+04	-1.654127E+01	7.016628E-02	0.000000E+00
1.450274E+04	-1.658929E+01	7.014955E-02	0.000000E+00
1.483757E+04	-1.663604E+01	6.712401E-02	0.000000E+00
1.518014E+04	-1.667495E+01	6.173983E-02	0.000000E+00
1.553061E+04	-1.670995E+01	5.510312E-02	0.000000E+00
1.588918E+04	-1.674746E+01	4.912985E-02	0.000000E+00
1.625602E+04	-1.678724E+01	4.674294E-02	0.000000E+00
1.663133E+04	-1.682168E+01	4.985023E-02	0.000000E+00
1.701531E+04	-1.684525E+01	5.683989E-02	0.000000E+00
1.740815E+04	-1.685820E+01	6.485182E-02	0.000000E+00
1.781007E+04	-1.686079E+01	7.192603E-02	0.000000E+00
1.822126E+04	-1.685806E+01	7.688370E-02	0.000000E+00
1.864194E+04	-1.686528E+01	7.893928E-02	0.000000E+00
1.907234E+04	-1.689530E+01	7.768877E-02	0.000000E+00
1.951268E+04	-1.694335E+01	7.307573E-02	0.000000E+00
1.996318E+04	-1.699432E+01	6.529702E-02	0.000000E+00
2.042408E+04	-1.704014E+01	5.488245E-02	0.000000E+00
2.089563E+04	-1.708405E+01	4.329033E-02	0.000000E+00
2.137806E+04	-1.713402E+01	3.506153E-02	0.000000E+00
2.187163E+04	-1.719695E+01	3.855081E-02	0.000000E+00
2.237659E+04	-1.727484E+01	5.393585E-02	0.000000E+00
2.289321E+04	-1.735946E+01	7.480458E-02	0.000000E+00
2.342176E+04	-1.743497E+01	9.794758E-02	0.000000E+00
2.396252E+04	-1.749082E+01	1.225303E-01	0.000000E+00
2.451575E+04	-1.752622E+01	1.486955E-01	0.000000E+00
