#wls	flux	fluxerr	mangling_mask
3.289393E+03	-1.714483E+01	4.779351E-02	0.000000E+00
3.365337E+03	-1.720671E+01	3.569108E-02	0.000000E+00
3.443035E+03	-1.726845E+01	3.085691E-02	0.000000E+00
3.522526E+03	-1.732359E+01	2.910318E-02	0.000000E+00
3.603853E+03	-1.736390E+01	2.775626E-02	0.000000E+00
3.687058E+03	-1.738262E+01	2.632831E-02	0.000000E+00
3.772183E+03	-1.737967E+01	2.503488E-02	0.000000E+00
3.859274E+03	-1.736120E+01	2.404425E-02	0.000000E+00
3.948375E+03	-1.733642E+01	2.314227E-02	0.000000E+00
4.039534E+03	-1.731304E+01	2.204231E-02	0.000000E+00
4.132797E+03	-1.729219E+01	2.074200E-02	0.000000E+00
4.228214E+03	-1.726814E+01	1.947407E-02	0.000000E+00
4.325833E+03	-1.723316E+01	1.847192E-02	0.000000E+00
4.425707E+03	-1.718490E+01	1.763779E-02	0.000000E+00
4.527886E+03	-1.712784E+01	1.670603E-02	0.000000E+00
4.632424E+03	-1.706883E+01	1.548664E-02	0.000000E+00
4.739376E+03	-1.701387E+01	1.415388E-02	0.000000E+00
4.848796E+03	-1.697022E+01	1.333941E-02	0.000000E+00
4.960744E+03	-1.693941E+01	1.319282E-02	0.000000E+00
5.075276E+03	-1.691655E+01	1.304205E-02	0.000000E+00
5.192452E+03	-1.690118E+01	1.264300E-02	0.000000E+00
5.312333E+03	-1.689480E+01	1.217227E-02	0.000000E+00
5.434982E+03	-1.689356E+01	1.195863E-02	0.000000E+00
5.560463E+03	-1.688205E+01	1.211230E-02	0.000000E+00
5.688841E+03	-1.684960E+01	1.231569E-02	0.000000E+00
5.820183E+03	-1.680877E+01	1.211448E-02	0.000000E+00
5.954557E+03	-1.677111E+01	1.156428E-02	0.000000E+00
6.092034E+03	-1.673921E+01	1.084919E-02	0.000000E+00
6.232684E+03	-1.671426E+01	1.018653E-02	0.000000E+00
6.376582E+03	-1.669549E+01	9.785117E-03	0.000000E+00
6.523803E+03	-1.667775E+01	9.623596E-03	0.000000E+00
6.674422E+03	-1.665336E+01	9.672854E-03	0.000000E+00
6.828518E+03	-1.662193E+01	9.584682E-03	0.000000E+00
6.986173E+03	-1.658766E+01	9.353261E-03	0.000000E+00
7.147467E+03	-1.655557E+01	9.217501E-03	0.000000E+00
7.312485E+03	-1.652784E+01	9.163361E-03	0.000000E+00
7.481313E+03	-1.650650E+01	9.046196E-03	0.000000E+00
7.654039E+03	-1.649087E+01	8.885076E-03	0.000000E+00
7.830752E+03	-1.647669E+01	8.762946E-03	0.000000E+00
8.011546E+03	-1.646850E+01	8.853825E-03	0.000000E+00
8.196514E+03	-1.646915E+01	8.981905E-03	0.000000E+00
8.385752E+03	-1.647422E+01	9.017491E-03	0.000000E+00
8.579359E+03	-1.647559E+01	9.071459E-03	0.000000E+00
8.777436E+03	-1.647126E+01	9.162167E-03	0.000000E+00
8.980086E+03	-1.645964E+01	9.067398E-03	0.000000E+00
9.187415E+03	-1.643768E+01	9.192386E-03	0.000000E+00
9.399531E+03	-1.640337E+01	9.584383E-03	0.000000E+00
9.616544E+03	-1.636056E+01	9.653357E-03	0.000000E+00
9.838567E+03	-1.631747E+01	9.709201E-03	0.000000E+00
1.006572E+04	-1.628056E+01	9.921881E-03	0.000000E+00
1.029811E+04	-1.625581E+01	1.014092E-02	0.000000E+00
1.053587E+04	-1.624402E+01	1.035845E-02	0.000000E+00
1.077912E+04	-1.623995E+01	1.049708E-02	0.000000E+00
1.102798E+04	-1.624719E+01	1.072158E-02	0.000000E+00
1.128259E+04	-1.627068E+01	1.106622E-02	0.000000E+00
1.154308E+04	-1.630637E+01	1.101476E-02	0.000000E+00
1.180958E+04	-1.634618E+01	1.079826E-02	0.000000E+00
1.208224E+04	-1.638622E+01	1.047346E-02	0.000000E+00
1.236119E+04	-1.642864E+01	9.852254E-03	0.000000E+00
1.264658E+04	-1.647103E+01	1.033097E-02	0.000000E+00
1.293856E+04	-1.649784E+01	1.115696E-02	0.000000E+00
1.323728E+04	-1.649465E+01	1.160804E-02	0.000000E+00
1.354290E+04	-1.646824E+01	1.277155E-02	0.000000E+00
1.385557E+04	-1.644808E+01	1.352454E-02	0.000000E+00
1.417546E+04	-1.645543E+01	1.279700E-02	0.000000E+00
1.450274E+04	-1.648165E+01	1.162825E-02	0.000000E+00
1.483757E+04	-1.650221E+01	1.101341E-02	0.000000E+00
1.518014E+04	-1.650490E+01	1.063378E-02	0.000000E+00
1.553061E+04	-1.650390E+01	1.047337E-02	0.000000E+00
1.588918E+04	-1.652172E+01	1.016873E-02	0.000000E+00
1.625602E+04	-1.656395E+01	9.566581E-03	0.000000E+00
1.663133E+04	-1.661317E+01	9.807478E-03	0.000000E+00
1.701531E+04	-1.665248E+01	1.044253E-02	0.000000E+00
1.740815E+04	-1.667544E+01	1.093168E-02	0.000000E+00
1.781007E+04	-1.667170E+01	1.176273E-02	0.000000E+00
1.822126E+04	-1.663945E+01	1.348323E-02	0.000000E+00
1.864194E+04	-1.660473E+01	1.481576E-02	0.000000E+00
1.907234E+04	-1.659698E+01	1.445717E-02	0.000000E+00
1.951268E+04	-1.661239E+01	1.317520E-02	0.000000E+00
1.996318E+04	-1.662878E+01	1.231345E-02	0.000000E+00
2.042408E+04	-1.664095E+01	1.196752E-02	0.000000E+00
2.089563E+04	-1.666132E+01	1.153967E-02	0.000000E+00
2.137806E+04	-1.669944E+01	1.107908E-02	0.000000E+00
2.187163E+04	-1.675464E+01	1.227409E-02	0.000000E+00
2.237659E+04	-1.682331E+01	1.500083E-02	0.000000E+00
2.289321E+04	-1.689295E+01	1.796853E-02	0.000000E+00
2.342176E+04	-1.694174E+01	2.111678E-02	0.000000E+00
2.396252E+04	-1.695949E+01	2.669939E-02	0.000000E+00
2.451575E+04	-1.695302E+01	3.987029E-02	0.000000E+00
