#wls	flux	fluxerr	mangling_mask
3.289393E+03	-1.711821E+01	4.779351E-02	0.000000E+00
3.365337E+03	-1.718010E+01	3.569108E-02	0.000000E+00
3.443035E+03	-1.724183E+01	3.085691E-02	0.000000E+00
3.522526E+03	-1.729697E+01	2.910319E-02	0.000000E+00
3.603853E+03	-1.733728E+01	2.775626E-02	0.000000E+00
3.687058E+03	-1.735600E+01	2.632832E-02	0.000000E+00
3.772183E+03	-1.735305E+01	2.503489E-02	0.000000E+00
3.859274E+03	-1.733458E+01	2.404426E-02	0.000000E+00
3.948375E+03	-1.730980E+01	2.314228E-02	0.000000E+00
4.039534E+03	-1.728643E+01	2.204232E-02	0.000000E+00
4.132797E+03	-1.726557E+01	2.074201E-02	0.000000E+00
4.228214E+03	-1.724152E+01	1.947408E-02	0.000000E+00
4.325833E+03	-1.720655E+01	1.847193E-02	0.000000E+00
4.425707E+03	-1.715828E+01	1.763780E-02	0.000000E+00
4.527886E+03	-1.710123E+01	1.670604E-02	0.000000E+00
4.632424E+03	-1.704222E+01	1.548665E-02	0.000000E+00
4.739376E+03	-1.698725E+01	1.415390E-02	0.000000E+00
4.848796E+03	-1.694360E+01	1.333943E-02	0.000000E+00
4.960744E+03	-1.691280E+01	1.319283E-02	0.000000E+00
5.075276E+03	-1.688993E+01	1.304206E-02	0.000000E+00
5.192452E+03	-1.687456E+01	1.264301E-02	0.000000E+00
5.312333E+03	-1.686818E+01	1.217229E-02	0.000000E+00
5.434982E+03	-1.686694E+01	1.195865E-02	0.000000E+00
5.560463E+03	-1.685543E+01	1.211232E-02	0.000000E+00
5.688841E+03	-1.682517E+01	1.231571E-02	0.000000E+00
5.820183E+03	-1.678746E+01	1.211450E-02	0.000000E+00
5.954557E+03	-1.675254E+01	1.156430E-02	0.000000E+00
6.092034E+03	-1.672288E+01	1.084921E-02	0.000000E+00
6.232684E+03	-1.669955E+01	1.018655E-02	0.000000E+00
6.376582E+03	-1.668167E+01	9.785144E-03	0.000000E+00
6.523803E+03	-1.666408E+01	9.623625E-03	0.000000E+00
6.674422E+03	-1.663921E+01	9.672884E-03	0.000000E+00
6.828518E+03	-1.660667E+01	9.584714E-03	0.000000E+00
6.986173E+03	-1.657090E+01	9.353294E-03	0.000000E+00
7.147467E+03	-1.653716E+01	9.217534E-03	0.000000E+00
7.312485E+03	-1.650788E+01	9.163393E-03	0.000000E+00
7.481313E+03	-1.648535E+01	9.046228E-03	0.000000E+00
7.654039E+03	-1.646912E+01	8.885108E-03	0.000000E+00
7.830752E+03	-1.645534E+01	8.762978E-03	0.000000E+00
8.011546E+03	-1.644915E+01	8.853856E-03	0.000000E+00
8.196514E+03	-1.645313E+01	8.981935E-03	0.000000E+00
8.385752E+03	-1.646239E+01	9.017520E-03	0.000000E+00
8.579359E+03	-1.646832E+01	9.071486E-03	0.000000E+00
8.777436E+03	-1.646844E+01	9.162192E-03	0.000000E+00
8.980086E+03	-1.646069E+01	9.067422E-03	0.000000E+00
9.187415E+03	-1.644154E+01	9.192408E-03	0.000000E+00
9.399531E+03	-1.640856E+01	9.584403E-03	0.000000E+00
9.616544E+03	-1.636563E+01	9.653376E-03	0.000000E+00
9.838567E+03	-1.632109E+01	9.709218E-03	0.000000E+00
1.006572E+04	-1.628169E+01	9.921897E-03	0.000000E+00
1.029811E+04	-1.625666E+01	1.014094E-02	0.000000E+00
1.053587E+04	-1.624508E+01	1.035846E-02	0.000000E+00
1.077912E+04	-1.623952E+01	1.049709E-02	0.000000E+00
1.102798E+04	-1.624387E+01	1.072159E-02	0.000000E+00
1.128259E+04	-1.626335E+01	1.106623E-02	0.000000E+00
1.154308E+04	-1.629421E+01	1.101477E-02	0.000000E+00
1.180958E+04	-1.632865E+01	1.079827E-02	0.000000E+00
1.208224E+04	-1.636306E+01	1.047347E-02	0.000000E+00
1.236119E+04	-1.639985E+01	9.852269E-03	0.000000E+00
1.264658E+04	-1.643678E+01	1.033099E-02	0.000000E+00
1.293856E+04	-1.645829E+01	1.115697E-02	0.000000E+00
1.323728E+04	-1.645001E+01	1.160805E-02	0.000000E+00
1.354290E+04	-1.641883E+01	1.277156E-02	0.000000E+00
1.385557E+04	-1.639429E+01	1.352455E-02	0.000000E+00
1.417546E+04	-1.639773E+01	1.279701E-02	0.000000E+00
1.450274E+04	-1.642062E+01	1.162826E-02	0.000000E+00
1.483757E+04	-1.643850E+01	1.101341E-02	0.000000E+00
1.518014E+04	-1.643927E+01	1.063379E-02	0.000000E+00
1.553061E+04	-1.643720E+01	1.047338E-02	0.000000E+00
1.588918E+04	-1.645492E+01	1.016874E-02	0.000000E+00
1.625602E+04	-1.649813E+01	9.566594E-03	0.000000E+00
1.663133E+04	-1.654950E+01	9.807490E-03	0.000000E+00
1.701531E+04	-1.659206E+01	1.044254E-02	0.000000E+00
1.740815E+04	-1.661920E+01	1.093169E-02	0.000000E+00
1.781007E+04	-1.662042E+01	1.176274E-02	0.000000E+00
1.822126E+04	-1.659372E+01	1.348324E-02	0.000000E+00
1.864194E+04	-1.656502E+01	1.481576E-02	0.000000E+00
1.907234E+04	-1.656360E+01	1.445718E-02	0.000000E+00
1.951268E+04	-1.658549E+01	1.317521E-02	0.000000E+00
1.996318E+04	-1.660836E+01	1.231346E-02	0.000000E+00
2.042408E+04	-1.662687E+01	1.196753E-02	0.000000E+00
2.089563E+04	-1.665328E+01	1.153969E-02	0.000000E+00
2.137806E+04	-1.669700E+01	1.107910E-02	0.000000E+00
2.187163E+04	-1.675723E+01	1.227410E-02	0.000000E+00
2.237659E+04	-1.683038E+01	1.500085E-02	0.000000E+00
2.289321E+04	-1.690398E+01	1.796854E-02	0.000000E+00
2.342176E+04	-1.695626E+01	2.111679E-02	0.000000E+00
2.396252E+04	-1.697706E+01	2.669940E-02	0.000000E+00
2.451575E+04	-1.697314E+01	3.987030E-02	0.000000E+00
