5.351399999999999636e+03 1.969999999999999963e-03
5.352799999999999272e+03 1.850000000000000082e-03
5.354199999999999818e+03 1.670000000000000043e-03
5.355599999999999454e+03 1.439999999999999874e-03
5.356900000000000546e+03 1.350000000000000071e-03
5.358300000000000182e+03 1.199999999999999895e-03
5.359700000000000728e+03 1.370000000000000124e-03
5.361100000000000364e+03 1.530000000000000110e-03
5.362500000000000000e+03 1.449999999999999900e-03
5.363899999999999636e+03 1.510000000000000057e-03
5.365299999999999272e+03 1.690000000000000096e-03
5.366699999999999818e+03 1.840000000000000056e-03
5.368099999999999454e+03 1.950000000000000127e-03
5.369500000000000000e+03 2.000000000000000042e-03
5.370900000000000546e+03 2.469999999999999973e-03
5.372200000000000728e+03 2.530000000000000131e-03
5.373600000000000364e+03 2.650000000000000012e-03
5.375000000000000000e+03 2.600000000000000314e-03
5.376399999999999636e+03 2.600000000000000314e-03
5.377799999999999272e+03 2.760000000000000300e-03
5.379199999999999818e+03 3.069999999999999812e-03
5.380599999999999454e+03 3.170000000000000075e-03
5.382000000000000000e+03 3.280000000000000363e-03
5.383400000000000546e+03 3.509999999999999665e-03
5.384700000000000728e+03 3.970000000000000438e-03
5.386100000000000364e+03 4.129999999999999991e-03
5.387500000000000000e+03 4.680000000000000132e-03
5.388899999999999636e+03 4.819999999999999632e-03
5.390299999999999272e+03 5.180000000000000576e-03
5.391699999999999818e+03 5.669999999999999693e-03
5.393099999999999454e+03 6.000000000000000125e-03
5.394500000000000000e+03 6.150000000000000085e-03
5.395800000000000182e+03 6.530000000000000214e-03
5.397200000000000728e+03 6.899999999999999883e-03
5.398600000000000364e+03 6.989999999999999686e-03
5.400000000000000000e+03 7.110000000000000001e-03
5.401399999999999636e+03 7.249999999999999500e-03
5.402799999999999272e+03 7.450000000000000025e-03
5.404199999999999818e+03 8.060000000000001191e-03
5.405500000000000000e+03 8.319999999999999271e-03
5.406900000000000546e+03 8.510000000000000203e-03
5.408300000000000182e+03 8.930000000000000437e-03
5.409700000000000728e+03 9.389999999999999042e-03
5.411100000000000364e+03 9.950000000000000511e-03
5.412500000000000000e+03 1.064000000000000015e-02
5.413800000000000182e+03 1.162999999999999971e-02
5.415199999999999818e+03 1.258000000000000090e-02
5.416599999999999454e+03 1.332999999999999984e-02
5.418000000000000000e+03 1.423000000000000133e-02
5.419400000000000546e+03 1.471000000000000085e-02
5.420800000000000182e+03 1.548000000000000070e-02
5.422100000000000364e+03 1.657000000000000139e-02
5.423500000000000000e+03 1.723000000000000226e-02
5.424899999999999636e+03 1.808000000000000232e-02
5.426300000000000182e+03 1.855000000000000052e-02
5.427699999999999818e+03 1.967999999999999958e-02
5.429099999999999454e+03 2.063000000000000250e-02
5.430399999999999636e+03 2.172999999999999932e-02
5.431799999999999272e+03 2.294000000000000206e-02
5.433200000000000728e+03 2.424999999999999725e-02
5.434600000000000364e+03 2.599000000000000268e-02
5.436000000000000000e+03 2.801000000000000364e-02
5.437300000000000182e+03 2.952000000000000110e-02
5.438699999999999818e+03 3.146999999999999797e-02
5.440100000000000364e+03 3.359000000000000180e-02
5.441500000000000000e+03 3.584999999999999992e-02
5.442899999999999636e+03 3.777000000000000496e-02
5.444199999999999818e+03 3.991000000000000103e-02
5.445599999999999454e+03 4.184000000000000219e-02
5.447000000000000000e+03 4.424000000000000155e-02
5.448400000000000546e+03 4.669999999999999846e-02
5.449700000000000728e+03 4.953000000000000458e-02
5.451100000000000364e+03 5.198000000000000537e-02
5.452500000000000000e+03 5.479000000000000536e-02
5.453899999999999636e+03 5.753000000000000475e-02
5.455299999999999272e+03 6.046999999999999598e-02
5.456599999999999454e+03 6.360000000000000375e-02
5.458000000000000000e+03 6.665000000000000091e-02
5.459400000000000546e+03 7.000000000000000666e-02
5.460800000000000182e+03 7.383000000000000673e-02
5.462100000000000364e+03 7.717999999999999861e-02
5.463500000000000000e+03 8.047999999999999599e-02
5.464899999999999636e+03 8.394999999999999685e-02
5.466300000000000182e+03 8.741000000000000159e-02
5.467600000000000364e+03 9.145000000000000351e-02
5.469000000000000000e+03 9.571000000000000341e-02
5.470399999999999636e+03 9.970000000000001084e-02
5.471799999999999272e+03 1.038700000000000040e-01
5.473099999999999454e+03 1.080000000000000127e-01
5.474500000000000000e+03 1.123399999999999954e-01
5.475900000000000546e+03 1.168000000000000010e-01
5.477300000000000182e+03 1.214400000000000063e-01
5.478600000000000364e+03 1.263700000000000101e-01
5.480000000000000000e+03 1.311700000000000088e-01
5.481399999999999636e+03 1.363300000000000067e-01
5.482799999999999272e+03 1.415800000000000114e-01
5.484099999999999454e+03 1.466099999999999903e-01
5.485500000000000000e+03 1.519600000000000117e-01
5.486900000000000546e+03 1.575500000000000234e-01
5.488200000000000728e+03 1.632600000000000162e-01
5.489600000000000364e+03 1.684100000000000041e-01
5.491000000000000000e+03 1.734700000000000131e-01
5.492399999999999636e+03 1.785000000000000198e-01
5.493699999999999818e+03 1.843100000000000016e-01
5.495100000000000364e+03 1.898100000000000342e-01
5.496500000000000000e+03 1.956900000000000028e-01
5.497799999999999272e+03 2.010300000000000142e-01
5.499199999999999818e+03 2.069099999999999828e-01
5.500599999999999454e+03 2.127600000000000047e-01
5.501900000000000546e+03 2.188200000000000145e-01
5.503300000000000182e+03 2.245200000000000251e-01
5.504700000000000728e+03 2.307900000000000229e-01
5.506100000000000364e+03 2.376000000000000334e-01
5.507399999999999636e+03 2.446300000000000141e-01
5.508800000000000182e+03 2.507599999999999829e-01
5.510199999999999818e+03 2.571100000000000052e-01
5.511500000000000000e+03 2.633599999999999830e-01
5.512899999999999636e+03 2.696800000000000308e-01
5.514299999999999272e+03 2.759599999999999831e-01
5.515599999999999454e+03 2.822000000000000064e-01
5.517000000000000000e+03 2.887699999999999712e-01
5.518400000000000546e+03 2.956199999999999939e-01
5.519700000000000728e+03 3.024600000000000066e-01
5.521100000000000364e+03 3.088700000000000334e-01
5.522500000000000000e+03 3.149299999999999877e-01
5.523800000000000182e+03 3.206199999999999606e-01
5.525199999999999818e+03 3.268900000000000139e-01
5.526599999999999454e+03 3.335300000000000487e-01
5.527899999999999636e+03 3.399400000000000199e-01
5.529299999999999272e+03 3.466899999999999982e-01
5.530700000000000728e+03 3.534400000000000319e-01
5.532000000000000000e+03 3.600399999999999712e-01
5.533400000000000546e+03 3.663399999999999990e-01
5.534800000000000182e+03 3.725999999999999868e-01
5.536100000000000364e+03 3.789800000000000391e-01
5.537500000000000000e+03 3.855100000000000193e-01
5.538800000000000182e+03 3.925699999999999745e-01
5.540199999999999818e+03 3.992900000000000338e-01
5.541599999999999454e+03 4.054200000000000026e-01
5.542899999999999636e+03 4.115900000000000114e-01
5.544299999999999272e+03 4.172000000000000153e-01
5.545700000000000728e+03 4.234700000000000131e-01
5.547000000000000000e+03 4.291599999999999859e-01
5.548400000000000546e+03 4.355800000000000227e-01
5.549700000000000728e+03 4.417300000000000115e-01
5.551100000000000364e+03 4.478800000000000003e-01
5.552500000000000000e+03 4.540400000000000547e-01
5.553800000000000182e+03 4.604500000000000259e-01
5.555199999999999818e+03 4.659699999999999953e-01
5.556599999999999454e+03 4.718100000000000072e-01
5.557899999999999636e+03 4.777799999999999825e-01
5.559299999999999272e+03 4.838100000000000178e-01
5.560599999999999454e+03 4.895200000000000107e-01
5.562000000000000000e+03 4.953199999999999825e-01
5.563400000000000546e+03 5.007599999999999829e-01
5.564700000000000728e+03 5.067900000000000738e-01
5.566100000000000364e+03 5.121800000000000797e-01
5.567399999999999636e+03 5.176800000000000290e-01
5.568800000000000182e+03 5.224199999999999955e-01
5.570199999999999818e+03 5.276199999999999779e-01
5.571500000000000000e+03 5.332099999999999618e-01
5.572899999999999636e+03 5.384000000000001007e-01
5.574199999999999818e+03 5.438300000000000356e-01
5.575599999999999454e+03 5.493099999999999650e-01
5.576900000000000546e+03 5.541800000000000059e-01
5.578300000000000182e+03 5.592000000000000304e-01
5.579700000000000728e+03 5.636499999999999844e-01
5.581000000000000000e+03 5.681100000000000039e-01
5.582399999999999636e+03 5.737499999999999822e-01
5.583699999999999818e+03 5.782200000000000673e-01
5.585100000000000364e+03 5.829999999999999627e-01
5.586399999999999636e+03 5.869400000000000173e-01
5.587799999999999272e+03 5.910699999999999843e-01
5.589199999999999818e+03 5.951500000000000679e-01
5.590500000000000000e+03 5.996099999999999763e-01
5.591900000000000546e+03 6.042899999999999938e-01
5.593200000000000728e+03 6.088500000000000023e-01
5.594600000000000364e+03 6.130700000000000038e-01
5.595900000000000546e+03 6.173800000000000399e-01
5.597300000000000182e+03 6.206399999999999695e-01
5.598600000000000364e+03 6.246399999999999730e-01
5.600000000000000000e+03 6.287700000000000511e-01
5.601300000000000182e+03 6.330599999999999561e-01
5.602699999999999818e+03 6.386200000000000765e-01
5.604099999999999454e+03 6.437800000000000189e-01
5.605399999999999636e+03 6.480500000000001259e-01
5.606799999999999272e+03 6.523499999999999854e-01
5.608099999999999454e+03 6.563800000000000745e-01
5.609500000000000000e+03 6.597400000000001041e-01
5.610800000000000182e+03 6.641899999999999471e-01
5.612200000000000728e+03 6.681300000000000017e-01
5.613500000000000000e+03 6.718800000000000328e-01
5.614899999999999636e+03 6.764400000000000412e-01
5.616199999999999818e+03 6.804900000000000393e-01
5.617600000000000364e+03 6.831800000000000095e-01
5.618899999999999636e+03 6.851000000000000423e-01
5.620299999999999272e+03 6.869600000000000151e-01
5.621599999999999454e+03 6.896500000000000963e-01
5.623000000000000000e+03 6.920999999999999375e-01
5.624299999999999272e+03 6.949899999999999967e-01
5.625700000000000728e+03 6.968899999999998984e-01
5.627000000000000000e+03 6.997700000000000031e-01
5.628400000000000546e+03 7.034299999999999997e-01
5.629700000000000728e+03 7.049500000000000766e-01
5.631100000000000364e+03 7.067100000000000604e-01
5.632399999999999636e+03 7.083099999999999952e-01
5.633800000000000182e+03 7.124700000000000477e-01
5.635100000000000364e+03 7.158799999999999608e-01
5.636500000000000000e+03 7.190500000000000780e-01
5.637799999999999272e+03 7.214499999999999247e-01
5.639199999999999818e+03 7.247999999999999998e-01
5.640500000000000000e+03 7.286100000000000909e-01
5.641900000000000546e+03 7.323500000000000565e-01
5.643200000000000728e+03 7.352600000000000247e-01
5.644600000000000364e+03 7.389600000000000612e-01
5.645900000000000546e+03 7.418600000000000749e-01
5.647200000000000728e+03 7.458499999999999019e-01
5.648600000000000364e+03 7.475300000000000278e-01
5.649899999999999636e+03 7.504000000000000670e-01
5.651300000000000182e+03 7.533499999999999641e-01
5.652600000000000364e+03 7.572700000000001097e-01
5.654000000000000000e+03 7.600100000000000744e-01
5.655299999999999272e+03 7.623999999999999666e-01
5.656699999999999818e+03 7.646899999999999809e-01
5.658000000000000000e+03 7.668500000000000316e-01
5.659400000000000546e+03 7.697400000000000908e-01
5.660700000000000728e+03 7.726199999999999735e-01
5.662000000000000000e+03 7.745300000000000518e-01
5.663400000000000546e+03 7.788200000000000678e-01
5.664700000000000728e+03 7.801399999999999446e-01
5.666100000000000364e+03 7.819000000000000394e-01
5.667399999999999636e+03 7.818800000000000194e-01
5.668800000000000182e+03 7.837100000000000177e-01
5.670100000000000364e+03 7.863700000000000134e-01
5.671399999999999636e+03 7.886300000000000532e-01
5.672799999999999272e+03 7.902200000000000335e-01
5.674099999999999454e+03 7.912500000000000089e-01
5.675500000000000000e+03 7.936400000000000121e-01
5.676799999999999272e+03 7.950400000000000800e-01
5.678200000000000728e+03 7.951900000000000635e-01
5.679500000000000000e+03 7.975600000000000467e-01
5.680800000000000182e+03 7.997499999999999609e-01
5.682200000000000728e+03 8.036300000000000665e-01
5.683500000000000000e+03 8.072000000000000286e-01
5.684899999999999636e+03 8.085999999999999854e-01
5.686199999999999818e+03 8.092799999999999994e-01
5.687500000000000000e+03 8.125600000000000600e-01
5.688899999999999636e+03 8.157899999999999041e-01
5.690199999999999818e+03 8.171299999999999120e-01
5.691599999999999454e+03 8.201999999999999291e-01
5.692899999999999636e+03 8.212000000000000410e-01
5.694199999999999818e+03 8.223500000000000254e-01
5.695599999999999454e+03 8.231100000000001193e-01
5.696900000000000546e+03 8.244599999999999707e-01
5.698200000000000728e+03 8.259699999999999820e-01
5.699600000000000364e+03 8.281800000000000272e-01
5.700900000000000546e+03 8.304000000000000270e-01
5.702300000000000182e+03 8.318699999999999983e-01
5.703600000000000364e+03 8.337300000000000821e-01
5.704899999999999636e+03 8.344000000000000306e-01
5.706300000000000182e+03 8.341200000000000836e-01
5.707600000000000364e+03 8.359999999999999654e-01
5.708899999999999636e+03 8.384500000000000286e-01
5.710299999999999272e+03 8.401500000000000634e-01
5.711599999999999454e+03 8.404500000000000304e-01
5.713000000000000000e+03 8.387000000000001121e-01
5.714299999999999272e+03 8.420699999999999852e-01
5.715599999999999454e+03 8.444499999999999229e-01
5.717000000000000000e+03 8.470699999999999896e-01
5.718300000000000182e+03 8.465500000000000247e-01
5.719600000000000364e+03 8.474399999999999711e-01
5.721000000000000000e+03 8.495300000000000074e-01
5.722300000000000182e+03 8.506299999999999972e-01
5.723600000000000364e+03 8.521299999999999430e-01
5.725000000000000000e+03 8.520499999999999741e-01
5.726300000000000182e+03 8.529999999999999805e-01
5.727600000000000364e+03 8.544000000000000483e-01
5.729000000000000000e+03 8.516500000000001291e-01
5.730299999999999272e+03 8.501900000000001123e-01
5.731599999999999454e+03 8.487000000000000099e-01
5.733000000000000000e+03 8.491200000000000969e-01
5.734299999999999272e+03 8.507200000000000317e-01
5.735599999999999454e+03 8.529499999999999860e-01
5.737000000000000000e+03 8.537799999999999834e-01
5.738300000000000182e+03 8.550600000000000422e-01
5.739600000000000364e+03 8.586000000000000298e-01
5.741000000000000000e+03 8.605800000000001226e-01
5.742300000000000182e+03 8.631900000000000128e-01
5.743600000000000364e+03 8.668300000000001004e-01
5.744899999999999636e+03 8.663600000000000190e-01
5.746300000000000182e+03 8.684199999999999697e-01
5.747600000000000364e+03 8.689799999999999747e-01
5.748899999999999636e+03 8.700499999999999901e-01
5.750299999999999272e+03 8.694700000000000761e-01
5.751599999999999454e+03 8.718200000000000394e-01
5.752899999999999636e+03 8.733799999999999342e-01
5.754299999999999272e+03 8.725300000000000278e-01
5.755599999999999454e+03 8.741900000000000226e-01
5.756900000000000546e+03 8.736400000000000832e-01
5.758200000000000728e+03 8.712499999999999689e-01
5.759600000000000364e+03 8.728000000000000203e-01
5.760900000000000546e+03 8.710599999999999454e-01
5.762200000000000728e+03 8.714000000000000634e-01
5.763500000000000000e+03 8.732800000000000562e-01
5.764899999999999636e+03 8.760500000000001064e-01
5.766199999999999818e+03 8.757899999999999574e-01
5.767500000000000000e+03 8.756900000000000794e-01
5.768899999999999636e+03 8.767100000000001003e-01
5.770199999999999818e+03 8.759099999999999664e-01
5.771500000000000000e+03 8.794199999999999795e-01
5.772799999999999272e+03 8.831499999999999906e-01
5.774199999999999818e+03 8.828700000000000436e-01
5.775500000000000000e+03 8.847899999999999654e-01
5.776799999999999272e+03 8.873400000000000176e-01
5.778099999999999454e+03 8.856699999999999573e-01
5.779500000000000000e+03 8.835100000000000176e-01
5.780800000000000182e+03 8.843500000000000805e-01
5.782100000000000364e+03 8.819400000000000572e-01
5.783400000000000546e+03 8.797599999999999865e-01
5.784800000000000182e+03 8.803199999999999914e-01
5.786100000000000364e+03 8.772600000000000398e-01
5.787399999999999636e+03 8.772499999999999742e-01
5.788699999999999818e+03 8.798000000000000265e-01
5.790100000000000364e+03 8.804600000000001314e-01
5.791399999999999636e+03 8.809099999999999708e-01
5.792699999999999818e+03 8.831399999999999251e-01
5.794000000000000000e+03 8.831900000000000306e-01
5.795299999999999272e+03 8.821999999999999842e-01
5.796699999999999818e+03 8.814199999999999813e-01
5.798000000000000000e+03 8.838400000000000700e-01
5.799299999999999272e+03 8.839100000000000845e-01
5.800599999999999454e+03 8.853199999999999958e-01
5.802000000000000000e+03 8.819499999999999007e-01
6.002500000000000000e+03 9.580400000000000027e-01
6.005900000000000546e+03 9.582299999999999152e-01
6.009299999999999272e+03 9.587499999999999911e-01
6.012799999999999272e+03 9.593200000000000616e-01
6.016199999999999818e+03 9.601000000000000645e-01
6.019700000000000728e+03 9.610500000000000709e-01
6.023099999999999454e+03 9.617900000000000338e-01
6.026599999999999454e+03 9.619799999999999462e-01
6.030000000000000000e+03 9.630200000000000982e-01
6.033400000000000546e+03 9.637399999999999300e-01
6.036900000000000546e+03 9.646899999999999364e-01
6.040299999999999272e+03 9.653599999999999959e-01
6.043699999999999818e+03 9.661499999999999533e-01
6.047200000000000728e+03 9.665200000000000458e-01
6.050599999999999454e+03 9.668800000000000727e-01
6.054099999999999454e+03 9.668600000000000527e-01
6.057500000000000000e+03 9.670199999999999907e-01
6.060900000000000546e+03 9.675000000000000266e-01
6.064400000000000546e+03 9.681499999999999551e-01
6.067799999999999272e+03 9.682600000000000096e-01
6.071199999999999818e+03 9.685700000000000420e-01
6.074700000000000728e+03 9.684900000000000730e-01
6.078099999999999454e+03 9.683499999999999330e-01
6.081500000000000000e+03 9.682299999999999240e-01
6.085000000000000000e+03 9.683799999999999075e-01
6.088400000000000546e+03 9.684000000000000385e-01
6.091799999999999272e+03 9.686900000000000510e-01
6.095299999999999272e+03 9.686900000000000510e-01
6.098699999999999818e+03 9.682399999999999896e-01
6.102100000000000364e+03 9.679500000000000881e-01
6.105599999999999454e+03 9.675799999999999956e-01
6.109000000000000000e+03 9.666000000000000147e-01
6.112399999999999636e+03 9.659600000000000408e-01
6.115800000000000182e+03 9.653500000000000414e-01
6.119299999999999272e+03 9.640999999999999570e-01
6.122699999999999818e+03 9.628799999999999581e-01
6.126100000000000364e+03 9.618200000000000083e-01
6.129600000000000364e+03 9.607999999999999874e-01
6.133000000000000000e+03 9.591800000000000326e-01
6.136399999999999636e+03 9.576399999999999357e-01
6.139800000000000182e+03 9.561000000000000609e-01
6.143300000000000182e+03 9.546200000000000241e-01
6.146699999999999818e+03 9.531999999999999362e-01
6.150100000000000364e+03 9.517400000000000304e-01
6.153500000000000000e+03 9.500700000000000811e-01
6.157000000000000000e+03 9.487499999999999822e-01
6.160399999999999636e+03 9.476800000000000779e-01
6.163800000000000182e+03 9.465099999999999625e-01
6.167200000000000728e+03 9.451100000000000056e-01
6.170599999999999454e+03 9.445500000000000007e-01
6.174099999999999454e+03 9.436100000000000598e-01
6.177500000000000000e+03 9.429500000000000659e-01
6.180900000000000546e+03 9.422000000000000375e-01
6.184299999999999272e+03 9.421599999999999975e-01
6.187799999999999272e+03 9.416800000000000725e-01
6.191199999999999818e+03 9.417600000000000415e-01
6.194600000000000364e+03 9.419499999999999540e-01
6.198000000000000000e+03 9.418300000000000560e-01
6.201399999999999636e+03 9.416999999999999815e-01
6.204800000000000182e+03 9.419399999999999995e-01
6.208300000000000182e+03 9.424500000000000099e-01
6.211699999999999818e+03 9.433000000000000274e-01
6.215100000000000364e+03 9.439799999999999303e-01
6.218500000000000000e+03 9.448900000000000077e-01
6.221900000000000546e+03 9.455200000000001381e-01
6.225299999999999272e+03 9.462900000000000755e-01
6.228800000000000182e+03 9.472300000000000164e-01
6.232200000000000728e+03 9.483400000000000718e-01
6.235599999999999454e+03 9.497400000000000286e-01
6.239000000000000000e+03 9.511899999999999800e-01
6.242399999999999636e+03 9.526799999999999713e-01
6.245800000000000182e+03 9.537900000000000267e-01
6.249199999999999818e+03 9.556600000000000650e-01
6.252600000000000364e+03 9.574099999999999833e-01
6.256100000000000364e+03 9.588400000000000256e-01
6.259500000000000000e+03 9.605899999999999439e-01
6.262899999999999636e+03 9.626399999999999402e-01
6.266300000000000182e+03 9.641800000000000370e-01
6.269700000000000728e+03 9.658499999999999863e-01
6.273099999999999454e+03 9.671699999999999742e-01
6.276500000000000000e+03 9.686100000000000820e-01
6.279899999999999636e+03 9.701100000000000279e-01
6.283300000000000182e+03 9.714300000000000157e-01
6.286699999999999818e+03 9.718800000000000772e-01
6.290100000000000364e+03 9.725199999999999401e-01
6.293500000000000000e+03 9.732699999999999685e-01
6.297000000000000000e+03 9.738800000000000789e-01
6.300399999999999636e+03 9.742600000000000149e-01
6.303800000000000182e+03 9.747400000000000508e-01
6.307200000000000728e+03 9.752700000000000813e-01
6.310599999999999454e+03 9.760699999999999932e-01
6.314000000000000000e+03 9.765399999999999636e-01
6.317399999999999636e+03 9.766400000000000636e-01
6.320800000000000182e+03 9.769400000000000306e-01
6.324199999999999818e+03 9.775199999999999445e-01
6.327600000000000364e+03 9.781600000000000295e-01
6.331000000000000000e+03 9.786299999999999999e-01
6.334400000000000546e+03 9.789400000000000324e-01
6.337799999999999272e+03 9.790800000000000614e-01
6.341199999999999818e+03 9.794000000000000483e-01
6.344600000000000364e+03 9.798999999999999932e-01
6.348000000000000000e+03 9.797199999999999243e-01
6.351399999999999636e+03 9.799299999999999677e-01
6.354800000000000182e+03 9.801900000000001167e-01
6.358200000000000728e+03 9.801300000000000567e-01
6.361599999999999454e+03 9.802500000000000657e-01
6.365000000000000000e+03 9.800300000000000678e-01
6.368400000000000546e+03 9.798600000000000643e-01
6.371799999999999272e+03 9.798300000000000898e-01
6.375199999999999818e+03 9.801199999999999912e-01
6.378600000000000364e+03 9.802800000000000402e-01
6.382000000000000000e+03 9.800100000000000477e-01
6.385399999999999636e+03 9.801400000000000112e-01
6.388699999999999818e+03 9.796599999999999753e-01
6.392100000000000364e+03 9.797299999999999898e-01
6.395500000000000000e+03 9.798900000000000388e-01
6.398899999999999636e+03 9.797599999999999643e-01
6.402300000000000182e+03 9.795999999999999153e-01
6.405700000000000728e+03 9.797400000000000553e-01
6.409099999999999454e+03 9.792800000000000393e-01
6.412500000000000000e+03 9.791100000000000358e-01
6.415900000000000546e+03 9.787300000000000999e-01
6.419299999999999272e+03 9.782100000000000239e-01
6.422699999999999818e+03 9.775800000000000045e-01
6.426100000000000364e+03 9.771400000000000086e-01
6.429400000000000546e+03 9.762300000000000422e-01
6.432799999999999272e+03 9.754099999999999993e-01
6.436199999999999818e+03 9.749999999999999778e-01
6.439600000000000364e+03 9.741299999999999404e-01
6.443000000000000000e+03 9.730500000000000815e-01
6.446399999999999636e+03 9.724700000000000566e-01
6.449800000000000182e+03 9.714400000000000812e-01
6.453200000000000728e+03 9.705200000000000493e-01
6.456500000000000000e+03 9.697199999999999154e-01
6.459899999999999636e+03 9.687600000000000655e-01
6.463300000000000182e+03 9.680100000000000371e-01
6.466699999999999818e+03 9.669499999999999762e-01
6.470100000000000364e+03 9.657800000000000828e-01
6.473500000000000000e+03 9.647100000000000675e-01
6.476799999999999272e+03 9.640100000000000335e-01
6.480199999999999818e+03 9.633899999999999686e-01
6.483600000000000364e+03 9.624899999999999567e-01
6.487000000000000000e+03 9.615500000000000158e-01
6.490399999999999636e+03 9.603900000000000770e-01
6.493800000000000182e+03 9.594599999999999795e-01
6.497100000000000364e+03 9.586500000000000021e-01
6.500500000000000000e+03 9.579100000000000392e-01
6.503899999999999636e+03 9.570499999999999563e-01
6.507300000000000182e+03 9.570499999999999563e-01
6.510599999999999454e+03 9.560400000000000009e-01
6.514000000000000000e+03 9.554799999999999960e-01
6.517399999999999636e+03 9.549200000000001021e-01
6.520800000000000182e+03 9.548000000000000931e-01
6.524199999999999818e+03 9.546800000000000841e-01
6.527500000000000000e+03 9.548000000000000931e-01
6.530900000000000546e+03 9.548200000000000021e-01
6.534299999999999272e+03 9.554500000000000215e-01
6.537699999999999818e+03 9.553000000000000380e-01
6.541000000000000000e+03 9.561400000000001009e-01
6.544400000000000546e+03 9.560899999999999954e-01
6.547799999999999272e+03 9.564599999999999769e-01
6.551199999999999818e+03 9.567300000000000804e-01
6.554500000000000000e+03 9.570499999999999563e-01
6.557899999999999636e+03 9.573000000000000398e-01
6.561300000000000182e+03 9.577299999999999702e-01
6.564600000000000364e+03 9.583800000000000097e-01
6.568000000000000000e+03 9.589900000000000091e-01
6.571399999999999636e+03 9.595000000000000195e-01
6.574800000000000182e+03 9.603500000000000369e-01
6.578099999999999454e+03 9.610500000000000709e-01
6.581500000000000000e+03 9.620499999999999607e-01
6.584899999999999636e+03 9.629000000000000892e-01
6.588200000000000728e+03 9.640999999999999570e-01
6.591599999999999454e+03 9.654300000000001214e-01
6.595000000000000000e+03 9.666899999999999382e-01
6.598300000000000182e+03 9.679400000000000226e-01
6.601699999999999818e+03 9.683700000000000641e-01
6.605100000000000364e+03 9.696299999999999919e-01
6.608400000000000546e+03 9.707000000000000073e-01
6.611799999999999272e+03 9.720499999999999696e-01
6.615199999999999818e+03 9.729999999999999760e-01
6.618500000000000000e+03 9.736799999999999899e-01
6.621900000000000546e+03 9.747900000000000453e-01
6.625299999999999272e+03 9.750199999999999978e-01
6.628600000000000364e+03 9.755700000000000482e-01
6.632000000000000000e+03 9.762600000000000167e-01
6.635299999999999272e+03 9.768499999999999961e-01
6.638699999999999818e+03 9.778300000000000880e-01
6.642100000000000364e+03 9.782399999999999984e-01
6.645399999999999636e+03 9.784399999999999764e-01
6.648800000000000182e+03 9.787300000000000999e-01
6.652100000000000364e+03 9.790500000000000869e-01
6.655500000000000000e+03 9.795099999999999918e-01
6.658899999999999636e+03 9.799100000000000588e-01
6.662200000000000728e+03 9.806699999999999307e-01
6.665599999999999454e+03 9.809499999999999886e-01
6.668899999999999636e+03 9.810299999999999576e-01
6.672300000000000182e+03 9.810500000000000886e-01
6.675700000000000728e+03 9.808100000000000707e-01
6.679000000000000000e+03 9.802200000000000912e-01
6.682399999999999636e+03 9.795800000000000063e-01
6.685700000000000728e+03 9.785200000000000564e-01
6.689099999999999454e+03 9.771800000000000486e-01
6.692399999999999636e+03 9.751400000000000068e-01
6.695800000000000182e+03 9.732299999999999285e-01
6.699099999999999454e+03 9.714400000000000812e-01
6.702500000000000000e+03 9.695699999999999319e-01
6.705900000000000546e+03 9.677900000000000391e-01
6.709199999999999818e+03 9.657499999999999973e-01
6.712600000000000364e+03 9.639199999999999990e-01
6.715900000000000546e+03 9.614100000000000978e-01
6.719299999999999272e+03 9.598300000000000720e-01
6.722600000000000364e+03 9.582399999999999807e-01
6.726000000000000000e+03 9.565200000000000369e-01
6.729299999999999272e+03 9.553300000000000125e-01
6.732699999999999818e+03 9.542900000000000826e-01
6.736000000000000000e+03 9.528400000000001313e-01
6.739400000000000546e+03 9.512100000000000000e-01
6.742699999999999818e+03 9.499299999999999411e-01
6.746100000000000364e+03 9.495399999999999396e-01
6.749400000000000546e+03 9.497700000000000031e-01
6.752799999999999272e+03 9.509600000000000275e-01
6.756100000000000364e+03 9.521800000000000264e-01
6.759400000000000546e+03 9.538400000000000212e-01
6.762799999999999272e+03 9.561799999999999189e-01
6.766100000000000364e+03 9.585800000000000987e-01
6.769500000000000000e+03 9.606900000000000439e-01
6.772799999999999272e+03 9.631300000000000416e-01
6.776199999999999818e+03 9.659699999999999953e-01
6.779500000000000000e+03 9.680299999999999461e-01
6.782899999999999636e+03 9.692900000000000960e-01
6.786199999999999818e+03 9.697100000000000719e-01
6.789500000000000000e+03 9.695699999999999319e-01
6.792899999999999636e+03 9.678100000000000591e-01
6.796199999999999818e+03 9.648200000000000109e-01
6.799600000000000364e+03 9.606200000000000294e-01
6.802899999999999636e+03 9.555100000000000815e-01
6.806199999999999818e+03 9.485899999999999332e-01
6.809600000000000364e+03 9.400499999999999412e-01
6.812899999999999636e+03 9.290200000000000680e-01
6.816300000000000182e+03 9.168200000000000793e-01
6.819600000000000364e+03 9.021700000000000275e-01
6.822899999999999636e+03 8.853799999999999448e-01
6.826300000000000182e+03 8.663399999999999990e-01
6.829600000000000364e+03 8.450499999999999678e-01
6.833000000000000000e+03 8.219400000000000039e-01
6.836300000000000182e+03 7.965499999999999803e-01
6.839600000000000364e+03 7.685699999999999754e-01
6.843000000000000000e+03 7.396599999999999842e-01
6.846300000000000182e+03 7.088299999999999601e-01
6.849600000000000364e+03 6.773099999999999676e-01
6.853000000000000000e+03 6.443300000000000693e-01
6.856300000000000182e+03 6.107000000000000206e-01
6.859600000000000364e+03 5.771100000000000119e-01
6.863000000000000000e+03 5.431700000000000417e-01
6.866300000000000182e+03 5.099400000000000599e-01
6.869600000000000364e+03 4.771299999999999986e-01
6.873000000000000000e+03 4.450699999999999656e-01
6.876300000000000182e+03 4.142700000000000271e-01
6.879600000000000364e+03 3.845100000000000184e-01
6.883000000000000000e+03 3.565300000000000136e-01
6.886300000000000182e+03 3.298899999999999610e-01
6.889600000000000364e+03 3.048000000000000154e-01
6.892899999999999636e+03 2.811600000000000210e-01
6.896300000000000182e+03 2.592200000000000060e-01
6.899600000000000364e+03 2.385200000000000098e-01
6.902899999999999636e+03 2.196500000000000119e-01
6.906199999999999818e+03 2.020200000000000329e-01
6.909600000000000364e+03 1.860600000000000309e-01
6.912899999999999636e+03 1.712300000000000211e-01
6.916199999999999818e+03 1.576800000000000146e-01
6.919600000000000364e+03 1.451800000000000035e-01
6.922899999999999636e+03 1.338300000000000045e-01
6.926199999999999818e+03 1.234299999999999981e-01
6.929500000000000000e+03 1.138899999999999912e-01
6.932899999999999636e+03 1.050099999999999922e-01
6.936199999999999818e+03 9.699999999999998901e-02
6.939500000000000000e+03 8.971999999999999420e-02
6.942799999999999272e+03 8.307000000000000495e-02
6.946100000000000364e+03 7.688000000000000389e-02
6.949500000000000000e+03 7.128999999999999226e-02
6.952799999999999272e+03 6.618000000000000271e-02
6.956100000000000364e+03 6.151000000000000217e-02
6.959400000000000546e+03 5.702000000000000124e-02
6.962699999999999818e+03 5.294999999999999707e-02
6.966100000000000364e+03 4.937000000000000416e-02
6.969400000000000546e+03 4.623000000000000026e-02
6.972699999999999818e+03 4.328000000000000597e-02
6.976000000000000000e+03 4.048000000000000209e-02
6.979299999999999272e+03 3.765999999999999903e-02
6.982699999999999818e+03 3.524000000000000049e-02
6.986000000000000000e+03 3.294000000000000400e-02
6.989299999999999272e+03 3.097000000000000100e-02
6.992600000000000364e+03 2.914000000000000271e-02
6.995900000000000546e+03 2.746999999999999789e-02
6.999199999999999818e+03 2.577999999999999736e-02
7.002500000000000000e+03 2.418000000000000357e-02
7.005900000000000546e+03 2.271999999999999714e-02
7.009199999999999818e+03 2.141000000000000195e-02
7.012500000000000000e+03 2.011999999999999900e-02
7.015800000000000182e+03 1.903999999999999790e-02
7.019099999999999454e+03 1.803000000000000089e-02
7.022399999999999636e+03 1.710000000000000062e-02
7.025700000000000728e+03 1.618999999999999953e-02
7.029000000000000000e+03 1.528999999999999977e-02
7.032399999999999636e+03 1.431999999999999940e-02
7.035700000000000728e+03 1.356000000000000087e-02
7.039000000000000000e+03 1.280000000000000061e-02
7.042300000000000182e+03 1.211000000000000097e-02
7.045599999999999454e+03 1.139999999999999868e-02
7.048899999999999636e+03 1.094999999999999966e-02
7.052200000000000728e+03 1.047000000000000014e-02
7.055500000000000000e+03 1.000999999999999980e-02
7.058800000000000182e+03 9.539999999999999869e-03
7.062100000000000364e+03 9.080000000000001265e-03
7.065399999999999636e+03 8.489999999999999283e-03
7.068699999999999818e+03 8.120000000000000481e-03
7.072000000000000000e+03 7.710000000000000707e-03
7.075399999999999636e+03 7.300000000000000065e-03
7.078699999999999818e+03 6.879999999999999831e-03
7.082000000000000000e+03 6.510000000000000162e-03
7.085299999999999272e+03 6.089999999999999927e-03
7.088600000000000364e+03 5.759999999999999495e-03
7.091900000000000546e+03 5.430000000000000798e-03
7.095199999999999818e+03 5.109999999999999959e-03
7.098500000000000000e+03 4.839999999999999684e-03
7.101799999999999272e+03 4.799999999999999580e-03
7.105100000000000364e+03 4.650000000000000487e-03
7.108400000000000546e+03 4.640000000000000027e-03
7.111699999999999818e+03 4.579999999999999870e-03
7.115000000000000000e+03 4.590000000000000330e-03
7.118300000000000182e+03 4.510000000000000120e-03
7.121599999999999454e+03 4.480000000000000475e-03
7.124899999999999636e+03 4.440000000000000370e-03
7.128200000000000728e+03 4.290000000000000410e-03
7.131500000000000000e+03 4.199999999999999740e-03
7.134800000000000182e+03 4.139999999999999583e-03
7.138099999999999454e+03 3.939999999999999926e-03
7.141399999999999636e+03 3.799999999999999992e-03
7.144700000000000728e+03 3.640000000000000006e-03
7.148000000000000000e+03 3.439999999999999915e-03
7.151199999999999818e+03 3.260000000000000311e-03
7.154500000000000000e+03 3.099999999999999891e-03
7.157799999999999272e+03 3.089999999999999865e-03
7.161100000000000364e+03 3.040000000000000167e-03
7.164400000000000546e+03 3.069999999999999812e-03
7.167699999999999818e+03 2.949999999999999931e-03
7.171000000000000000e+03 2.750000000000000274e-03
7.174299999999999272e+03 2.740000000000000248e-03
7.177600000000000364e+03 2.590000000000000288e-03
7.180900000000000546e+03 2.610000000000000341e-03
7.184199999999999818e+03 2.480000000000000000e-03
7.187500000000000000e+03 2.260000000000000290e-03
7.190800000000000182e+03 2.049999999999999739e-03
7.194000000000000000e+03 1.729999999999999984e-03
7.197300000000000182e+03 1.479999999999999979e-03
7.200599999999999454e+03 1.260000000000000052e-03
7.203899999999999636e+03 1.130000000000000145e-03
7.207200000000000728e+03 1.010000000000000047e-03
7.210500000000000000e+03 7.799999999999999859e-04
7.213800000000000182e+03 7.000000000000001013e-04
