#wls	flux	fluxerr	mangling_mask
3.289393E+03	-1.521414E+01	8.414838E-02	0.000000E+00
3.365337E+03	-1.522951E+01	6.965968E-02	0.000000E+00
3.443035E+03	-1.523501E+01	5.676456E-02	0.000000E+00
3.522526E+03	-1.522811E+01	4.630379E-02	0.000000E+00
3.603853E+03	-1.520687E+01	3.747326E-02	0.000000E+00
3.687058E+03	-1.517284E+01	2.899932E-02	0.000000E+00
3.772183E+03	-1.513416E+01	2.146446E-02	0.000000E+00
3.859274E+03	-1.510152E+01	1.667703E-02	0.000000E+00
3.948375E+03	-1.508306E+01	1.463016E-02	0.000000E+00
4.039534E+03	-1.508220E+01	1.375409E-02	0.000000E+00
4.132797E+03	-1.509640E+01	1.333846E-02	0.000000E+00
4.228214E+03	-1.511978E+01	1.314051E-02	0.000000E+00
4.325833E+03	-1.514588E+01	1.291835E-02	0.000000E+00
4.425707E+03	-1.517091E+01	1.275087E-02	0.000000E+00
4.527886E+03	-1.519473E+01	1.265855E-02	0.000000E+00
4.632424E+03	-1.521760E+01	1.255828E-02	0.000000E+00
4.739376E+03	-1.523887E+01	1.248563E-02	0.000000E+00
4.848796E+03	-1.526072E+01	1.248086E-02	0.000000E+00
4.960744E+03	-1.528392E+01	1.242898E-02	0.000000E+00
5.075276E+03	-1.530546E+01	1.232007E-02	0.000000E+00
5.192452E+03	-1.532479E+01	1.229733E-02	0.000000E+00
5.312333E+03	-1.534403E+01	1.229949E-02	0.000000E+00
5.434982E+03	-1.536584E+01	1.224298E-02	0.000000E+00
5.560463E+03	-1.538789E+01	1.219106E-02	0.000000E+00
5.688841E+03	-1.540734E+01	1.222050E-02	0.000000E+00
5.820183E+03	-1.542744E+01	1.224424E-02	0.000000E+00
5.954557E+03	-1.544999E+01	1.217028E-02	0.000000E+00
6.092034E+03	-1.547305E+01	1.195795E-02	0.000000E+00
6.232684E+03	-1.549505E+01	1.150946E-02	0.000000E+00
6.376582E+03	-1.551571E+01	1.076147E-02	0.000000E+00
6.523803E+03	-1.553736E+01	1.000134E-02	0.000000E+00
6.674422E+03	-1.555886E+01	9.639030E-03	0.000000E+00
6.828518E+03	-1.557993E+01	9.683717E-03	0.000000E+00
6.986173E+03	-1.560098E+01	1.001626E-02	0.000000E+00
7.147467E+03	-1.562286E+01	1.032536E-02	0.000000E+00
7.312485E+03	-1.564385E+01	1.044917E-02	0.000000E+00
7.481313E+03	-1.566299E+01	1.046557E-02	0.000000E+00
7.654039E+03	-1.568005E+01	1.046046E-02	0.000000E+00
7.830752E+03	-1.569488E+01	1.048349E-02	0.000000E+00
8.011546E+03	-1.571350E+01	1.054785E-02	0.000000E+00
8.196514E+03	-1.573793E+01	1.060373E-02	0.000000E+00
8.385752E+03	-1.576598E+01	1.064170E-02	0.000000E+00
8.579359E+03	-1.579684E+01	1.069460E-02	0.000000E+00
8.777436E+03	-1.583328E+01	1.079902E-02	0.000000E+00
8.980086E+03	-1.587355E+01	1.094848E-02	0.000000E+00
9.187415E+03	-1.591261E+01	1.124332E-02	0.000000E+00
9.399531E+03	-1.594774E+01	1.168614E-02	0.000000E+00
9.616544E+03	-1.598235E+01	1.239210E-02	0.000000E+00
9.838567E+03	-1.602432E+01	1.406292E-02	0.000000E+00
1.006572E+04	-1.607911E+01	1.671495E-02	0.000000E+00
1.029811E+04	-1.614761E+01	2.019360E-02	0.000000E+00
1.053587E+04	-1.621914E+01	2.489917E-02	0.000000E+00
1.077912E+04	-1.627757E+01	3.081329E-02	0.000000E+00
1.102798E+04	-1.631966E+01	3.638242E-02	0.000000E+00
1.128259E+04	-1.634960E+01	3.977355E-02	0.000000E+00
1.154308E+04	-1.636959E+01	3.992933E-02	0.000000E+00
1.180958E+04	-1.638133E+01	3.688146E-02	0.000000E+00
1.208224E+04	-1.638955E+01	3.171776E-02	0.000000E+00
1.236119E+04	-1.640127E+01	2.739027E-02	0.000000E+00
1.264658E+04	-1.641887E+01	2.881071E-02	0.000000E+00
1.293856E+04	-1.643591E+01	3.593858E-02	0.000000E+00
1.323728E+04	-1.644592E+01	4.466309E-02	0.000000E+00
1.354290E+04	-1.645315E+01	5.252015E-02	0.000000E+00
1.385557E+04	-1.647260E+01	5.813637E-02	0.000000E+00
1.417546E+04	-1.651331E+01	6.081283E-02	0.000000E+00
1.450274E+04	-1.656717E+01	6.058058E-02	0.000000E+00
1.483757E+04	-1.661773E+01	5.787123E-02	0.000000E+00
1.518014E+04	-1.665659E+01	5.325332E-02	0.000000E+00
1.553061E+04	-1.669000E+01	4.757986E-02	0.000000E+00
1.588918E+04	-1.672722E+01	4.231863E-02	0.000000E+00
1.625602E+04	-1.676781E+01	4.002503E-02	0.000000E+00
1.663133E+04	-1.680127E+01	4.257333E-02	0.000000E+00
1.701531E+04	-1.682154E+01	4.839061E-02	0.000000E+00
1.740815E+04	-1.683101E+01	5.490490E-02	0.000000E+00
1.781007E+04	-1.682954E+01	6.058070E-02	0.000000E+00
1.822126E+04	-1.682142E+01	6.452982E-02	0.000000E+00
1.864194E+04	-1.682618E+01	6.605026E-02	0.000000E+00
1.907234E+04	-1.686144E+01	6.476611E-02	0.000000E+00
1.951268E+04	-1.692006E+01	6.065552E-02	0.000000E+00
1.996318E+04	-1.698106E+01	5.386094E-02	0.000000E+00
2.042408E+04	-1.703455E+01	4.466560E-02	0.000000E+00
2.089563E+04	-1.708559E+01	3.396306E-02	0.000000E+00
2.137806E+04	-1.714312E+01	2.573402E-02	0.000000E+00
2.187163E+04	-1.721384E+01	2.931543E-02	0.000000E+00
2.237659E+04	-1.730093E+01	4.404380E-02	0.000000E+00
2.289321E+04	-1.739594E+01	6.278610E-02	0.000000E+00
2.342176E+04	-1.747955E+01	8.298956E-02	0.000000E+00
2.396252E+04	-1.753939E+01	1.044026E-01	0.000000E+00
2.451575E+04	-1.757647E+01	1.277179E-01	0.000000E+00
