#wls	flux	fluxerr	mangling_mask
3.289393E+03	-1.608129E+01	5.446099E-02	0.000000E+00
3.365337E+03	-1.609988E+01	4.185943E-02	0.000000E+00
3.443035E+03	-1.610596E+01	3.415914E-02	0.000000E+00
3.522526E+03	-1.609339E+01	2.993197E-02	0.000000E+00
3.603853E+03	-1.605546E+01	2.673828E-02	0.000000E+00
3.687058E+03	-1.598898E+01	2.308251E-02	0.000000E+00
3.772183E+03	-1.590049E+01	1.935079E-02	0.000000E+00
3.859274E+03	-1.580558E+01	1.668978E-02	0.000000E+00
3.948375E+03	-1.572404E+01	1.513661E-02	0.000000E+00
4.039534E+03	-1.566954E+01	1.402449E-02	0.000000E+00
4.132797E+03	-1.564097E+01	1.313191E-02	0.000000E+00
4.228214E+03	-1.562709E+01	1.236574E-02	0.000000E+00
4.325833E+03	-1.561615E+01	1.164953E-02	0.000000E+00
4.425707E+03	-1.560168E+01	1.109161E-02	0.000000E+00
4.527886E+03	-1.558339E+01	1.068022E-02	0.000000E+00
4.632424E+03	-1.556312E+01	1.028915E-02	0.000000E+00
4.739376E+03	-1.554296E+01	9.942937E-03	0.000000E+00
4.848796E+03	-1.552859E+01	9.778834E-03	0.000000E+00
4.960744E+03	-1.552206E+01	9.697451E-03	0.000000E+00
5.075276E+03	-1.551931E+01	9.531521E-03	0.000000E+00
5.192452E+03	-1.551955E+01	9.412198E-03	0.000000E+00
5.312333E+03	-1.552465E+01	9.308482E-03	0.000000E+00
5.434982E+03	-1.553501E+01	9.168092E-03	0.000000E+00
5.560463E+03	-1.554352E+01	9.049933E-03	0.000000E+00
5.688841E+03	-1.554470E+01	9.092062E-03	0.000000E+00
5.820183E+03	-1.554422E+01	9.146686E-03	0.000000E+00
5.954557E+03	-1.554633E+01	9.068257E-03	0.000000E+00
6.092034E+03	-1.554958E+01	8.861131E-03	0.000000E+00
6.232684E+03	-1.555247E+01	8.722903E-03	0.000000E+00
6.376582E+03	-1.555575E+01	8.801768E-03	0.000000E+00
6.523803E+03	-1.556302E+01	8.846191E-03	0.000000E+00
6.674422E+03	-1.557471E+01	8.851836E-03	0.000000E+00
6.828518E+03	-1.559047E+01	8.857948E-03	0.000000E+00
6.986173E+03	-1.561141E+01	8.902271E-03	0.000000E+00
7.147467E+03	-1.563923E+01	8.961846E-03	0.000000E+00
7.312485E+03	-1.567127E+01	9.005611E-03	0.000000E+00
7.481313E+03	-1.570387E+01	8.998735E-03	0.000000E+00
7.654039E+03	-1.573285E+01	8.970426E-03	0.000000E+00
7.830752E+03	-1.575442E+01	9.036992E-03	0.000000E+00
8.011546E+03	-1.577505E+01	9.242010E-03	0.000000E+00
8.196514E+03	-1.579750E+01	9.398823E-03	0.000000E+00
8.385752E+03	-1.581793E+01	9.479500E-03	0.000000E+00
8.579359E+03	-1.583229E+01	9.639827E-03	0.000000E+00
8.777436E+03	-1.584218E+01	1.010283E-02	0.000000E+00
8.980086E+03	-1.584683E+01	1.091781E-02	0.000000E+00
9.187415E+03	-1.584321E+01	1.208987E-02	0.000000E+00
9.399531E+03	-1.583025E+01	1.321667E-02	0.000000E+00
9.616544E+03	-1.581371E+01	1.372760E-02	0.000000E+00
9.838567E+03	-1.580405E+01	1.386875E-02	0.000000E+00
1.006572E+04	-1.580861E+01	1.392093E-02	0.000000E+00
1.029811E+04	-1.583169E+01	1.408051E-02	0.000000E+00
1.053587E+04	-1.586614E+01	1.454175E-02	0.000000E+00
1.077912E+04	-1.589805E+01	1.547424E-02	0.000000E+00
1.102798E+04	-1.592664E+01	1.664421E-02	0.000000E+00
1.128259E+04	-1.595636E+01	1.749255E-02	0.000000E+00
1.154308E+04	-1.598594E+01	1.746495E-02	0.000000E+00
1.180958E+04	-1.601199E+01	1.682917E-02	0.000000E+00
1.208224E+04	-1.603539E+01	1.594358E-02	0.000000E+00
1.236119E+04	-1.606163E+01	1.516616E-02	0.000000E+00
1.264658E+04	-1.609113E+01	1.577632E-02	0.000000E+00
1.293856E+04	-1.611247E+01	1.714099E-02	0.000000E+00
1.323728E+04	-1.611499E+01	1.855901E-02	0.000000E+00
1.354290E+04	-1.610498E+01	2.042242E-02	0.000000E+00
1.385557E+04	-1.610603E+01	2.179808E-02	0.000000E+00
1.417546E+04	-1.613394E+01	2.176588E-02	0.000000E+00
1.450274E+04	-1.617947E+01	2.083712E-02	0.000000E+00
1.483757E+04	-1.622051E+01	1.984158E-02	0.000000E+00
1.518014E+04	-1.624588E+01	1.902685E-02	0.000000E+00
1.553061E+04	-1.626585E+01	1.845068E-02	0.000000E+00
1.588918E+04	-1.629606E+01	1.779574E-02	0.000000E+00
1.625602E+04	-1.633812E+01	1.726119E-02	0.000000E+00
1.663133E+04	-1.637723E+01	1.777896E-02	0.000000E+00
1.701531E+04	-1.640230E+01	1.890567E-02	0.000000E+00
1.740815E+04	-1.641275E+01	2.008218E-02	0.000000E+00
1.781007E+04	-1.640468E+01	2.151046E-02	0.000000E+00
1.822126E+04	-1.638114E+01	2.328825E-02	0.000000E+00
1.864194E+04	-1.636779E+01	2.455687E-02	0.000000E+00
1.907234E+04	-1.638991E+01	2.464788E-02	0.000000E+00
1.951268E+04	-1.644025E+01	2.396164E-02	0.000000E+00
1.996318E+04	-1.649326E+01	2.309274E-02	0.000000E+00
2.042408E+04	-1.653849E+01	2.208743E-02	0.000000E+00
2.089563E+04	-1.658398E+01	2.070957E-02	0.000000E+00
2.137806E+04	-1.663988E+01	1.955542E-02	0.000000E+00
2.187163E+04	-1.671097E+01	2.069615E-02	0.000000E+00
2.237659E+04	-1.679892E+01	2.457484E-02	0.000000E+00
2.289321E+04	-1.689323E+01	3.013273E-02	0.000000E+00
2.342176E+04	-1.697115E+01	3.722391E-02	0.000000E+00
2.396252E+04	-1.701959E+01	4.725894E-02	0.000000E+00
2.451575E+04	-1.704218E+01	6.298816E-02	0.000000E+00
