#wls	flux	fluxerr	mangling_mask
3.289393E+03	-1.667111E+01	5.237284E-02	1.879677E-01
3.365337E+03	-1.670849E+01	4.008748E-02	1.879677E-01
3.443035E+03	-1.673655E+01	3.365393E-02	1.879677E-01
3.522526E+03	-1.674932E+01	3.048503E-02	1.879677E-01
3.603853E+03	-1.674148E+01	2.804109E-02	1.879677E-01
3.687058E+03	-1.671107E+01	2.537225E-02	1.879677E-01
3.772183E+03	-1.666228E+01	2.281539E-02	1.879677E-01
3.859274E+03	-1.660345E+01	2.102129E-02	1.879677E-01
3.948375E+03	-1.654365E+01	1.986140E-02	1.879677E-01
4.039534E+03	-1.648964E+01	1.877517E-02	1.879677E-01
4.132797E+03	-1.644309E+01	1.760674E-02	1.879677E-01
4.228214E+03	-1.640082E+01	1.647011E-02	1.879677E-01
4.325833E+03	-1.635726E+01	1.546026E-02	1.879677E-01
4.425707E+03	-1.630897E+01	1.460540E-02	1.879677E-01
4.527886E+03	-1.625695E+01	1.383420E-02	1.879677E-01
4.632424E+03	-1.620465E+01	1.305368E-02	1.879677E-01
4.739376E+03	-1.615622E+01	1.234011E-02	1.879677E-01
4.848796E+03	-1.611752E+01	1.196709E-02	1.879677E-01
4.960744E+03	-1.609050E+01	1.191959E-02	1.879677E-01
5.075276E+03	-1.607166E+01	1.182905E-02	1.879677E-01
5.192452E+03	-1.605961E+01	1.164458E-02	1.879677E-01
5.312333E+03	-1.605507E+01	1.149374E-02	1.879677E-01
5.434982E+03	-1.605708E+01	1.155132E-02	1.879677E-01
5.560463E+03	-1.605768E+01	1.176494E-02	1.879677E-01
5.688841E+03	-1.604993E+01	1.194922E-02	1.879677E-01
5.820183E+03	-1.603689E+01	1.191084E-02	1.879677E-01
5.954557E+03	-1.602233E+01	1.158758E-02	1.879677E-01
6.092034E+03	-1.600682E+01	1.104401E-02	1.879677E-01
6.232684E+03	-1.599143E+01	1.059114E-02	1.879677E-01
6.376582E+03	-1.597785E+01	1.049354E-02	1.879677E-01
6.523803E+03	-1.596675E+01	1.054926E-02	1.879677E-01
6.674422E+03	-1.595577E+01	1.062733E-02	1.879677E-01
6.828518E+03	-1.594493E+01	1.062959E-02	1.879677E-01
6.986173E+03	-1.593736E+01	1.055939E-02	1.879677E-01
7.147467E+03	-1.593608E+01	1.046222E-02	1.879677E-01
7.312485E+03	-1.594083E+01	1.031516E-02	1.879677E-01
7.481313E+03	-1.594992E+01	1.009875E-02	1.879677E-01
7.654039E+03	-1.596017E+01	9.983518E-03	1.879677E-01
7.830752E+03	-1.596911E+01	1.008740E-02	1.879677E-01
8.011546E+03	-1.598255E+01	1.033030E-02	1.879677E-01
8.196514E+03	-1.600203E+01	1.046110E-02	1.879677E-01
8.385752E+03	-1.602211E+01	1.044148E-02	1.879677E-01
8.579359E+03	-1.603670E+01	1.037551E-02	1.879677E-01
8.777436E+03	-1.604494E+01	1.034858E-02	1.879677E-01
8.980086E+03	-1.604480E+01	1.034272E-02	1.879677E-01
9.187415E+03	-1.603224E+01	1.065569E-02	1.879677E-01
9.399531E+03	-1.600557E+01	1.121568E-02	1.879677E-01
9.616544E+03	-1.597018E+01	1.145067E-02	1.879677E-01
9.838567E+03	-1.593688E+01	1.145028E-02	1.879677E-01
1.006572E+04	-1.591500E+01	1.135420E-02	1.879677E-01
1.029811E+04	-1.591083E+01	1.121558E-02	1.982579E-01
1.053587E+04	-1.592025E+01	1.117952E-02	2.079074E-01
1.077912E+04	-1.593330E+01	1.136989E-02	2.197385E-01
1.102798E+04	-1.595006E+01	1.178046E-02	2.333181E-01
1.128259E+04	-1.597410E+01	1.215703E-02	2.468645E-01
1.154308E+04	-1.600328E+01	1.205547E-02	2.585954E-01
1.180958E+04	-1.603277E+01	1.173013E-02	2.667166E-01
1.208224E+04	-1.606124E+01	1.133739E-02	2.694080E-01
1.236119E+04	-1.609198E+01	1.090089E-02	2.648315E-01
1.264658E+04	-1.612412E+01	1.141151E-02	2.548925E-01
1.293856E+04	-1.614572E+01	1.224842E-02	2.453110E-01
1.323728E+04	-1.614584E+01	1.306366E-02	2.363851E-01
1.354290E+04	-1.613103E+01	1.454500E-02	2.280808E-01
1.385557E+04	-1.612478E+01	1.556785E-02	2.203666E-01
1.417546E+04	-1.614335E+01	1.511271E-02	2.132151E-01
1.450274E+04	-1.617953E+01	1.389785E-02	2.066021E-01
1.483757E+04	-1.621313E+01	1.287002E-02	2.005070E-01
1.518014E+04	-1.623339E+01	1.211601E-02	1.949122E-01
1.553061E+04	-1.624990E+01	1.165598E-02	1.898029E-01
1.588918E+04	-1.627848E+01	1.116629E-02	1.851682E-01
1.625602E+04	-1.632204E+01	1.065790E-02	1.810574E-01
1.663133E+04	-1.636689E+01	1.099878E-02	1.780558E-01
1.701531E+04	-1.639952E+01	1.178755E-02	1.763106E-01
1.740815E+04	-1.641493E+01	1.254911E-02	1.756623E-01
1.781007E+04	-1.640816E+01	1.370894E-02	1.759573E-01
1.822126E+04	-1.638320E+01	1.556181E-02	1.770484E-01
1.864194E+04	-1.636438E+01	1.692248E-02	1.787962E-01
1.907234E+04	-1.637548E+01	1.675506E-02	1.810548E-01
1.951268E+04	-1.641216E+01	1.561426E-02	1.836979E-01
1.996318E+04	-1.645323E+01	1.458423E-02	1.865911E-01
2.042408E+04	-1.648934E+01	1.392480E-02	1.896046E-01
2.089563E+04	-1.652719E+01	1.326572E-02	1.926095E-01
2.137806E+04	-1.657616E+01	1.287000E-02	1.954911E-01
2.187163E+04	-1.664068E+01	1.433675E-02	1.981785E-01
2.237659E+04	-1.672008E+01	1.762781E-02	2.006169E-01
2.289321E+04	-1.680284E+01	2.166279E-02	2.028253E-01
2.342176E+04	-1.686901E+01	2.667650E-02	2.048214E-01
2.396252E+04	-1.690799E+01	3.480951E-02	2.066218E-01
2.451575E+04	-1.692337E+01	4.947197E-02	2.081784E-01
