#wls	flux	fluxerr	mangling_mask
3.289393E+03	-1.600805E+01	5.344701E-02	2.028761E-01
3.365337E+03	-1.602534E+01	4.031953E-02	2.028761E-01
3.443035E+03	-1.603005E+01	3.199715E-02	2.028761E-01
3.522526E+03	-1.601616E+01	2.736465E-02	2.028761E-01
3.603853E+03	-1.597700E+01	2.396249E-02	2.028761E-01
3.687058E+03	-1.590950E+01	2.007370E-02	2.028761E-01
3.772183E+03	-1.582064E+01	1.604301E-02	2.028761E-01
3.859274E+03	-1.572652E+01	1.319594E-02	2.028761E-01
3.948375E+03	-1.564676E+01	1.168978E-02	2.028761E-01
4.039534E+03	-1.559450E+01	1.082561E-02	2.028761E-01
4.132797E+03	-1.556821E+01	1.035067E-02	2.028761E-01
4.228214E+03	-1.555604E+01	1.006638E-02	2.028761E-01
4.325833E+03	-1.554558E+01	9.775456E-03	2.028761E-01
4.425707E+03	-1.553122E+01	9.519662E-03	2.028761E-01
4.527886E+03	-1.551445E+01	9.287987E-03	2.028761E-01
4.632424E+03	-1.549857E+01	9.027332E-03	2.028761E-01
4.739376E+03	-1.548561E+01	8.811714E-03	2.028761E-01
4.848796E+03	-1.547943E+01	8.801448E-03	2.028761E-01
4.960744E+03	-1.547977E+01	8.875737E-03	2.028761E-01
5.075276E+03	-1.548047E+01	8.827654E-03	2.028761E-01
5.192452E+03	-1.548122E+01	8.786634E-03	2.028761E-01
5.312333E+03	-1.548640E+01	8.713399E-03	2.028761E-01
5.434982E+03	-1.549921E+01	8.553687E-03	2.028761E-01
5.560463E+03	-1.551177E+01	8.418167E-03	2.028761E-01
5.688841E+03	-1.551577E+01	8.514658E-03	2.028761E-01
5.820183E+03	-1.551531E+01	8.646694E-03	2.028761E-01
5.954557E+03	-1.551444E+01	8.600496E-03	2.028761E-01
6.092034E+03	-1.551396E+01	8.374019E-03	2.028761E-01
6.232684E+03	-1.551723E+01	8.220365E-03	2.028761E-01
6.376582E+03	-1.552697E+01	8.338643E-03	2.028761E-01
6.523803E+03	-1.553963E+01	8.433704E-03	2.028761E-01
6.674422E+03	-1.555056E+01	8.470230E-03	2.028761E-01
6.828518E+03	-1.556342E+01	8.482189E-03	2.028761E-01
6.986173E+03	-1.558348E+01	8.511805E-03	2.028761E-01
7.147467E+03	-1.561094E+01	8.528139E-03	2.028761E-01
7.312485E+03	-1.564101E+01	8.490619E-03	2.028761E-01
7.481313E+03	-1.567031E+01	8.368469E-03	2.028761E-01
7.654039E+03	-1.569556E+01	8.247773E-03	2.028761E-01
7.830752E+03	-1.571319E+01	8.299503E-03	2.028761E-01
8.011546E+03	-1.572961E+01	8.524087E-03	2.028761E-01
8.196514E+03	-1.574818E+01	8.669973E-03	2.028761E-01
8.385752E+03	-1.576557E+01	8.680009E-03	2.028761E-01
8.579359E+03	-1.577755E+01	8.640088E-03	2.028761E-01
8.777436E+03	-1.578528E+01	8.701850E-03	2.028761E-01
8.980086E+03	-1.578810E+01	8.980837E-03	2.028761E-01
9.187415E+03	-1.578371E+01	9.730418E-03	2.028761E-01
9.399531E+03	-1.577251E+01	1.060908E-02	2.028761E-01
9.616544E+03	-1.576105E+01	1.090708E-02	2.028761E-01
9.838567E+03	-1.575789E+01	1.085157E-02	2.028761E-01
1.006572E+04	-1.576683E+01	1.070077E-02	2.030738E-01
1.029811E+04	-1.579068E+01	1.065958E-02	2.033465E-01
1.053587E+04	-1.582481E+01	1.098021E-02	2.028941E-01
1.077912E+04	-1.585781E+01	1.193104E-02	2.018087E-01
1.102798E+04	-1.588897E+01	1.322677E-02	2.002004E-01
1.128259E+04	-1.592154E+01	1.413499E-02	1.981744E-01
1.154308E+04	-1.595344E+01	1.396220E-02	1.958326E-01
1.180958E+04	-1.598117E+01	1.304070E-02	1.932752E-01
1.208224E+04	-1.600575E+01	1.181761E-02	1.906012E-01
1.236119E+04	-1.603273E+01	1.068484E-02	1.879088E-01
1.264658E+04	-1.606270E+01	1.130588E-02	1.852645E-01
1.293856E+04	-1.608464E+01	1.280762E-02	1.826744E-01
1.323728E+04	-1.608809E+01	1.436440E-02	1.801388E-01
1.354290E+04	-1.607926E+01	1.650860E-02	1.776590E-01
1.385557E+04	-1.608145E+01	1.804297E-02	1.752363E-01
1.417546E+04	-1.611011E+01	1.785594E-02	1.728724E-01
1.450274E+04	-1.615596E+01	1.650357E-02	1.705691E-01
1.483757E+04	-1.619713E+01	1.498616E-02	1.683289E-01
1.518014E+04	-1.622271E+01	1.371555E-02	1.661547E-01
1.553061E+04	-1.624319E+01	1.287619E-02	1.640493E-01
1.588918E+04	-1.627401E+01	1.199341E-02	1.620165E-01
1.625602E+04	-1.631596E+01	1.113429E-02	1.600638E-01
1.663133E+04	-1.635339E+01	1.151902E-02	1.582383E-01
1.701531E+04	-1.637617E+01	1.263465E-02	1.565627E-01
1.740815E+04	-1.638518E+01	1.388267E-02	1.550270E-01
1.781007E+04	-1.637680E+01	1.559656E-02	1.536217E-01
1.822126E+04	-1.635378E+01	1.778179E-02	1.523384E-01
1.864194E+04	-1.634130E+01	1.925637E-02	1.511695E-01
1.907234E+04	-1.636431E+01	1.923785E-02	1.501083E-01
1.951268E+04	-1.641554E+01	1.823485E-02	1.491486E-01
1.996318E+04	-1.646950E+01	1.699694E-02	1.482851E-01
2.042408E+04	-1.651548E+01	1.561894E-02	1.475133E-01
2.089563E+04	-1.656117E+01	1.374326E-02	1.468292E-01
2.137806E+04	-1.661701E+01	1.208867E-02	1.462336E-01
2.187163E+04	-1.668849E+01	1.379191E-02	1.457646E-01
2.237659E+04	-1.677705E+01	1.906016E-02	1.454242E-01
2.289321E+04	-1.687179E+01	2.599766E-02	1.452005E-01
2.342176E+04	-1.695024E+01	3.436724E-02	1.450827E-01
2.396252E+04	-1.699965E+01	4.561490E-02	1.450607E-01
2.451575E+04	-1.702351E+01	6.238932E-02	1.451222E-01
