#wls	flux	fluxerr	mangling_mask
3.289393E+03	-1.498767E+01	8.547166E-02	1.093588E-01
3.365337E+03	-1.500541E+01	7.089690E-02	1.093588E-01
3.443035E+03	-1.501341E+01	5.786447E-02	1.093588E-01
3.522526E+03	-1.500843E+01	4.724315E-02	1.093588E-01
3.603853E+03	-1.498679E+01	3.825461E-02	1.093588E-01
3.687058E+03	-1.494800E+01	2.962143E-02	1.093588E-01
3.772183E+03	-1.489985E+01	2.185953E-02	1.093883E-01
3.859274E+03	-1.485617E+01	1.668616E-02	1.094415E-01
3.948375E+03	-1.483101E+01	1.418652E-02	1.094939E-01
4.039534E+03	-1.483126E+01	1.297196E-02	1.095455E-01
4.132797E+03	-1.485199E+01	1.237305E-02	1.095962E-01
4.228214E+03	-1.488200E+01	1.210750E-02	1.096459E-01
4.325833E+03	-1.491161E+01	1.187400E-02	1.096948E-01
4.425707E+03	-1.493698E+01	1.171239E-02	1.097426E-01
4.527886E+03	-1.495928E+01	1.162435E-02	1.097895E-01
4.632424E+03	-1.498022E+01	1.152090E-02	1.098354E-01
4.739376E+03	-1.500021E+01	1.143757E-02	1.098802E-01
4.848796E+03	-1.502176E+01	1.141859E-02	1.099239E-01
4.960744E+03	-1.504523E+01	1.135482E-02	1.099666E-01
5.075276E+03	-1.506638E+01	1.124664E-02	1.100082E-01
5.192452E+03	-1.508455E+01	1.124903E-02	1.100485E-01
5.312333E+03	-1.510270E+01	1.128848E-02	1.100878E-01
5.434982E+03	-1.512484E+01	1.126551E-02	1.101257E-01
5.560463E+03	-1.514845E+01	1.123576E-02	1.101625E-01
5.688841E+03	-1.516950E+01	1.127633E-02	1.101980E-01
5.820183E+03	-1.519097E+01	1.131262E-02	1.102322E-01
5.954557E+03	-1.521526E+01	1.128304E-02	1.102651E-01
6.092034E+03	-1.524219E+01	1.119171E-02	1.102966E-01
6.232684E+03	-1.527309E+01	1.097873E-02	1.103267E-01
6.376582E+03	-1.530843E+01	1.057178E-02	1.103554E-01
6.523803E+03	-1.534379E+01	1.016519E-02	1.103826E-01
6.674422E+03	-1.537474E+01	1.002874E-02	1.104084E-01
6.828518E+03	-1.540336E+01	1.012407E-02	1.104326E-01
6.986173E+03	-1.543231E+01	1.038348E-02	1.104552E-01
7.147467E+03	-1.546051E+01	1.058598E-02	1.104763E-01
7.312485E+03	-1.548479E+01	1.062756E-02	1.104957E-01
7.481313E+03	-1.550534E+01	1.060700E-02	1.105135E-01
7.654039E+03	-1.552333E+01	1.061230E-02	1.105296E-01
7.830752E+03	-1.553916E+01	1.066360E-02	1.105439E-01
8.011546E+03	-1.555888E+01	1.074322E-02	1.105564E-01
8.196514E+03	-1.558470E+01	1.080409E-02	1.105670E-01
8.385752E+03	-1.561443E+01	1.084877E-02	1.105755E-01
8.579359E+03	-1.564715E+01	1.091456E-02	1.105819E-01
8.777436E+03	-1.568563E+01	1.103426E-02	1.105862E-01
8.980086E+03	-1.572857E+01	1.119554E-02	1.105881E-01
9.187415E+03	-1.577117E+01	1.148218E-02	1.105876E-01
9.399531E+03	-1.581053E+01	1.189386E-02	1.105846E-01
9.616544E+03	-1.584982E+01	1.257333E-02	1.105790E-01
9.838567E+03	-1.589541E+01	1.427767E-02	1.105705E-01
1.006572E+04	-1.595002E+01	1.710277E-02	1.105592E-01
1.029811E+04	-1.601389E+01	2.086524E-02	1.105570E-01
1.053587E+04	-1.607982E+01	2.585347E-02	1.105570E-01
1.077912E+04	-1.613472E+01	3.198549E-02	1.105570E-01
1.102798E+04	-1.617564E+01	3.770971E-02	1.105570E-01
1.128259E+04	-1.620548E+01	4.120025E-02	1.105570E-01
1.154308E+04	-1.622539E+01	4.140328E-02	1.105570E-01
1.180958E+04	-1.623667E+01	3.836038E-02	1.105570E-01
1.208224E+04	-1.624411E+01	3.319982E-02	1.105570E-01
1.236119E+04	-1.625501E+01	2.891692E-02	1.105570E-01
1.264658E+04	-1.627220E+01	3.034917E-02	1.105570E-01
1.293856E+04	-1.628952E+01	3.750427E-02	1.105570E-01
1.323728E+04	-1.630042E+01	4.633743E-02	1.105570E-01
1.354290E+04	-1.630886E+01	5.432332E-02	1.105570E-01
1.385557E+04	-1.632939E+01	6.004772E-02	1.105570E-01
1.417546E+04	-1.637067E+01	6.279342E-02	1.105570E-01
1.450274E+04	-1.642443E+01	6.257411E-02	1.105570E-01
1.483757E+04	-1.647430E+01	5.981381E-02	1.105570E-01
1.518014E+04	-1.651210E+01	5.509467E-02	1.105570E-01
1.553061E+04	-1.654446E+01	4.930701E-02	1.105570E-01
1.588918E+04	-1.658089E+01	4.398372E-02	1.105570E-01
1.625602E+04	-1.662081E+01	4.172842E-02	1.105570E-01
1.663133E+04	-1.665329E+01	4.439282E-02	1.105570E-01
1.701531E+04	-1.667270E+01	5.037761E-02	1.105570E-01
1.740815E+04	-1.668200E+01	5.708132E-02	1.105570E-01
1.781007E+04	-1.668077E+01	6.292659E-02	1.105570E-01
1.822126E+04	-1.667277E+01	6.699891E-02	1.105570E-01
1.864194E+04	-1.667704E+01	6.859490E-02	1.105570E-01
1.907234E+04	-1.671100E+01	6.734522E-02	1.105570E-01
1.951268E+04	-1.676769E+01	6.323516E-02	1.105570E-01
1.996318E+04	-1.682651E+01	5.643106E-02	1.105570E-01
2.042408E+04	-1.687767E+01	4.728334E-02	1.105570E-01
2.089563E+04	-1.692621E+01	3.683125E-02	1.105570E-01
2.137806E+04	-1.698133E+01	2.908915E-02	1.105570E-01
2.187163E+04	-1.705006E+01	3.248053E-02	1.105570E-01
2.237659E+04	-1.713533E+01	4.675005E-02	1.105570E-01
2.289321E+04	-1.722841E+01	6.540486E-02	1.105570E-01
2.342176E+04	-1.731027E+01	8.572945E-02	1.105570E-01
2.396252E+04	-1.736888E+01	1.073243E-01	1.105570E-01
2.451575E+04	-1.740514E+01	1.307878E-01	1.105570E-01
