#wls	flux	fluxerr	mangling_mask
3.289393E+03	-1.695886E+01	4.777878E-02	2.205411E-01
3.365337E+03	-1.702050E+01	3.568206E-02	2.226704E-01
3.443035E+03	-1.708227E+01	3.084846E-02	2.246922E-01
3.522526E+03	-1.713774E+01	2.909494E-02	2.265881E-01
3.603853E+03	-1.717864E+01	2.774856E-02	2.283373E-01
3.687058E+03	-1.719807E+01	2.632094E-02	2.299171E-01
3.772183E+03	-1.719554E+01	2.502766E-02	2.313037E-01
3.859274E+03	-1.717677E+01	2.403717E-02	2.324702E-01
3.948375E+03	-1.715112E+01	2.313530E-02	2.333873E-01
4.039534E+03	-1.712681E+01	2.203548E-02	2.340237E-01
4.132797E+03	-1.710538E+01	2.073541E-02	2.343449E-01
4.228214E+03	-1.708176E+01	1.946770E-02	2.343135E-01
4.325833E+03	-1.704863E+01	1.846567E-02	2.338892E-01
4.425707E+03	-1.700221E+01	1.763164E-02	2.330280E-01
4.527886E+03	-1.694484E+01	1.670000E-02	2.316820E-01
4.632424E+03	-1.688201E+01	1.548081E-02	2.297996E-01
4.739376E+03	-1.682034E+01	1.414834E-02	2.273252E-01
4.848796E+03	-1.676957E+01	1.333400E-02	2.241982E-01
4.960744E+03	-1.673391E+01	1.318731E-02	2.203554E-01
5.075276E+03	-1.670983E+01	1.303653E-02	2.158093E-01
5.192452E+03	-1.669602E+01	1.263756E-02	2.107166E-01
5.312333E+03	-1.669189E+01	1.216697E-02	2.052518E-01
5.434982E+03	-1.669213E+01	1.195345E-02	1.995865E-01
5.560463E+03	-1.668267E+01	1.210710E-02	1.938906E-01
5.688841E+03	-1.665643E+01	1.231036E-02	1.916000E-01
5.820183E+03	-1.662370E+01	1.210918E-02	1.916000E-01
5.954557E+03	-1.659319E+01	1.155907E-02	1.916000E-01
6.092034E+03	-1.656588E+01	1.084407E-02	1.916000E-01
6.232684E+03	-1.654163E+01	1.018147E-02	1.916000E-01
6.376582E+03	-1.652082E+01	9.779997E-03	1.916000E-01
6.523803E+03	-1.650343E+01	9.618408E-03	1.916000E-01
6.674422E+03	-1.648422E+01	9.667533E-03	1.916000E-01
6.828518E+03	-1.645898E+01	9.579327E-03	1.916000E-01
6.986173E+03	-1.642766E+01	9.347885E-03	1.916000E-01
7.147467E+03	-1.639465E+01	9.212040E-03	1.916000E-01
7.312485E+03	-1.636364E+01	9.157859E-03	1.916000E-01
7.481313E+03	-1.633839E+01	9.040767E-03	1.916000E-01
7.654039E+03	-1.631985E+01	8.879710E-03	1.916000E-01
7.830752E+03	-1.630549E+01	8.757549E-03	1.916000E-01
8.011546E+03	-1.630125E+01	8.848317E-03	1.916000E-01
8.196514E+03	-1.630855E+01	8.976300E-03	1.916000E-01
8.385752E+03	-1.632080E+01	9.011866E-03	1.916000E-01
8.579359E+03	-1.632884E+01	9.065826E-03	1.916000E-01
8.777436E+03	-1.633034E+01	9.156486E-03	1.916000E-01
8.980086E+03	-1.632352E+01	9.061758E-03	1.916000E-01
9.187415E+03	-1.630503E+01	9.186770E-03	1.916000E-01
9.399531E+03	-1.627176E+01	9.578701E-03	1.916000E-01
9.616544E+03	-1.622700E+01	9.647659E-03	1.916000E-01
9.838567E+03	-1.617996E+01	9.703444E-03	1.916000E-01
1.006572E+04	-1.613948E+01	9.916008E-03	1.916000E-01
1.029811E+04	-1.611509E+01	1.013482E-02	1.916000E-01
1.053587E+04	-1.610583E+01	1.035206E-02	1.916000E-01
1.077912E+04	-1.610319E+01	1.049058E-02	1.916000E-01
1.102798E+04	-1.611060E+01	1.071512E-02	1.916000E-01
1.128259E+04	-1.613396E+01	1.105982E-02	1.916000E-01
1.154308E+04	-1.616988E+01	1.100840E-02	1.916000E-01
1.180958E+04	-1.621032E+01	1.079188E-02	1.916000E-01
1.208224E+04	-1.625119E+01	1.046718E-02	1.916000E-01
1.236119E+04	-1.629450E+01	9.846354E-03	1.916000E-01
1.264658E+04	-1.633775E+01	1.032487E-02	1.916000E-01
1.293856E+04	-1.636540E+01	1.115044E-02	1.916000E-01
1.323728E+04	-1.636308E+01	1.160147E-02	1.916000E-01
1.354290E+04	-1.633757E+01	1.276482E-02	1.916000E-01
1.385557E+04	-1.631830E+01	1.351779E-02	1.916000E-01
1.417546E+04	-1.632651E+01	1.279045E-02	1.916000E-01
1.450274E+04	-1.635360E+01	1.162175E-02	1.916000E-01
1.483757E+04	-1.637494E+01	1.100682E-02	1.916000E-01
1.518014E+04	-1.637816E+01	1.062718E-02	1.916000E-01
1.553061E+04	-1.637716E+01	1.046681E-02	1.916000E-01
1.588918E+04	-1.639438E+01	1.016237E-02	1.916000E-01
1.625602E+04	-1.643583E+01	9.560624E-03	1.916000E-01
1.663133E+04	-1.648476E+01	9.801352E-03	1.916000E-01
1.701531E+04	-1.652398E+01	1.043606E-02	1.916000E-01
1.740815E+04	-1.654636E+01	1.092510E-02	1.916000E-01
1.781007E+04	-1.654149E+01	1.175615E-02	1.916000E-01
1.822126E+04	-1.650783E+01	1.347645E-02	1.916000E-01
1.864194E+04	-1.647165E+01	1.480881E-02	1.916000E-01
1.907234E+04	-1.646247E+01	1.445044E-02	1.916000E-01
1.951268E+04	-1.647650E+01	1.316858E-02	1.916000E-01
1.996318E+04	-1.649161E+01	1.230669E-02	1.916000E-01
2.042408E+04	-1.650274E+01	1.196080E-02	1.916000E-01
2.089563E+04	-1.652243E+01	1.153317E-02	1.916000E-01
2.137806E+04	-1.656008E+01	1.107285E-02	1.916000E-01
2.187163E+04	-1.661473E+01	1.226746E-02	1.916000E-01
2.237659E+04	-1.668293E+01	1.499333E-02	1.916000E-01
2.289321E+04	-1.675242E+01	1.796003E-02	1.916000E-01
2.342176E+04	-1.680123E+01	2.110748E-02	1.916000E-01
2.396252E+04	-1.681897E+01	2.668962E-02	1.916000E-01
2.451575E+04	-1.681242E+01	3.985544E-02	1.916000E-01
