#wls	flux	fluxerr	mangling_mask
3.289393E+03	-1.683574E+01	4.741137E-02	4.488061E-02
3.365337E+03	-1.690575E+01	3.516269E-02	4.372208E-02
3.443035E+03	-1.697812E+01	3.053309E-02	4.247825E-02
3.522526E+03	-1.704624E+01	2.899165E-02	4.122895E-02
3.603853E+03	-1.710158E+01	2.781684E-02	3.997784E-02
3.687058E+03	-1.713669E+01	2.660974E-02	3.872894E-02
3.772183E+03	-1.715027E+01	2.554973E-02	3.748684E-02
3.859274E+03	-1.714745E+01	2.471086E-02	3.625658E-02
3.948375E+03	-1.713748E+01	2.389910E-02	3.504378E-02
4.039534E+03	-1.712852E+01	2.290330E-02	3.385471E-02
4.132797E+03	-1.712154E+01	2.174908E-02	3.269633E-02
4.228214E+03	-1.711054E+01	2.068515E-02	3.157626E-02
4.325833E+03	-1.708772E+01	1.994778E-02	3.050292E-02
4.425707E+03	-1.705010E+01	1.937092E-02	2.947832E-02
4.527886E+03	-1.700121E+01	1.864647E-02	2.849039E-02
4.632424E+03	-1.694742E+01	1.762511E-02	2.752600E-02
4.739376E+03	-1.689542E+01	1.646817E-02	2.657277E-02
4.848796E+03	-1.685410E+01	1.564672E-02	2.561899E-02
4.960744E+03	-1.682659E+01	1.530738E-02	2.465354E-02
5.075276E+03	-1.680901E+01	1.499607E-02	2.367418E-02
5.192452E+03	-1.680032E+01	1.453125E-02	2.269960E-02
5.312333E+03	-1.680011E+01	1.404194E-02	2.175225E-02
5.434982E+03	-1.680257E+01	1.385164E-02	2.085539E-02
5.560463E+03	-1.679248E+01	1.417546E-02	2.003327E-02
5.688841E+03	-1.676301E+01	1.460255E-02	1.980199E-02
5.820183E+03	-1.672681E+01	1.449810E-02	1.980199E-02
5.954557E+03	-1.669507E+01	1.391268E-02	1.980199E-02
6.092034E+03	-1.667042E+01	1.309172E-02	1.980199E-02
6.232684E+03	-1.665331E+01	1.221933E-02	1.980199E-02
6.376582E+03	-1.664295E+01	1.149342E-02	1.980199E-02
6.523803E+03	-1.663610E+01	1.108809E-02	1.980199E-02
6.674422E+03	-1.662479E+01	1.100921E-02	1.980199E-02
6.828518E+03	-1.660441E+01	1.081379E-02	1.980199E-02
6.986173E+03	-1.657515E+01	1.045163E-02	1.980199E-02
7.147467E+03	-1.654124E+01	1.017951E-02	1.980199E-02
7.312485E+03	-1.650681E+01	1.003928E-02	1.980199E-02
7.481313E+03	-1.647667E+01	9.886111E-03	1.980199E-02
7.654039E+03	-1.645271E+01	9.639625E-03	1.980199E-02
7.830752E+03	-1.643265E+01	9.346207E-03	1.980199E-02
8.011546E+03	-1.642206E+01	9.321952E-03	1.980199E-02
8.196514E+03	-1.642272E+01	9.444747E-03	1.980199E-02
8.385752E+03	-1.642920E+01	9.482164E-03	1.980199E-02
8.579359E+03	-1.643296E+01	9.489536E-03	1.980199E-02
8.777436E+03	-1.643222E+01	9.491229E-03	1.980199E-02
8.980086E+03	-1.642611E+01	9.327258E-03	1.980199E-02
9.187415E+03	-1.641172E+01	9.433740E-03	1.980199E-02
9.399531E+03	-1.638525E+01	9.807171E-03	1.980199E-02
9.616544E+03	-1.634864E+01	9.840456E-03	1.980199E-02
9.838567E+03	-1.630953E+01	9.859196E-03	1.980199E-02
1.006572E+04	-1.627520E+01	9.998239E-03	1.980199E-02
1.029811E+04	-1.625427E+01	1.007307E-02	1.980199E-02
1.053587E+04	-1.624601E+01	1.014623E-02	1.980199E-02
1.077912E+04	-1.624292E+01	1.018013E-02	1.980199E-02
1.102798E+04	-1.624905E+01	1.034255E-02	1.980199E-02
1.128259E+04	-1.627055E+01	1.063954E-02	1.980199E-02
1.154308E+04	-1.630424E+01	1.055346E-02	1.980199E-02
1.180958E+04	-1.634228E+01	1.036251E-02	1.980199E-02
1.208224E+04	-1.638054E+01	1.012391E-02	1.980199E-02
1.236119E+04	-1.642088E+01	9.570224E-03	1.980199E-02
1.264658E+04	-1.646062E+01	9.975270E-03	1.980199E-02
1.293856E+04	-1.648412E+01	1.066170E-02	1.980199E-02
1.323728E+04	-1.647696E+01	1.102008E-02	1.980199E-02
1.354290E+04	-1.644593E+01	1.217734E-02	1.980199E-02
1.385557E+04	-1.642074E+01	1.296031E-02	1.980199E-02
1.417546E+04	-1.642294E+01	1.229228E-02	1.980199E-02
1.450274E+04	-1.644395E+01	1.119631E-02	1.980199E-02
1.483757E+04	-1.645903E+01	1.062150E-02	1.980199E-02
1.518014E+04	-1.645574E+01	1.022815E-02	1.980199E-02
1.553061E+04	-1.644845E+01	1.003685E-02	1.980199E-02
1.588918E+04	-1.646063E+01	9.777885E-03	1.980199E-02
1.625602E+04	-1.649929E+01	9.276897E-03	1.980199E-02
1.663133E+04	-1.654777E+01	9.515690E-03	1.980199E-02
1.701531E+04	-1.658837E+01	1.000397E-02	1.980199E-02
1.740815E+04	-1.661318E+01	1.031790E-02	1.980199E-02
1.781007E+04	-1.661066E+01	1.107672E-02	1.980199E-02
1.822126E+04	-1.657812E+01	1.286418E-02	1.980199E-02
1.864194E+04	-1.654095E+01	1.426920E-02	1.980199E-02
1.907234E+04	-1.652846E+01	1.387525E-02	1.980199E-02
1.951268E+04	-1.653749E+01	1.249762E-02	1.980199E-02
1.996318E+04	-1.654710E+01	1.163882E-02	1.980199E-02
2.042408E+04	-1.655355E+01	1.140101E-02	1.980199E-02
2.089563E+04	-1.657014E+01	1.107802E-02	1.980199E-02
2.137806E+04	-1.660609E+01	1.060422E-02	1.980199E-02
2.187163E+04	-1.665933E+01	1.142434E-02	1.980199E-02
2.237659E+04	-1.672518E+01	1.341114E-02	1.980199E-02
2.289321E+04	-1.679098E+01	1.552647E-02	1.980199E-02
2.342176E+04	-1.683525E+01	1.794191E-02	1.980199E-02
2.396252E+04	-1.684825E+01	2.328429E-02	1.980199E-02
2.451575E+04	-1.683718E+01	3.694656E-02	1.980199E-02
