#wls	flux	fluxerr	mangling_mask
3.289393E+03	-1.699593E+01	4.851588E-02	0.000000E+00
3.365337E+03	-1.704747E+01	3.641948E-02	0.000000E+00
3.443035E+03	-1.709628E+01	3.111441E-02	0.000000E+00
3.522526E+03	-1.713538E+01	2.890883E-02	0.000000E+00
3.603853E+03	-1.715576E+01	2.712767E-02	0.000000E+00
3.687058E+03	-1.714999E+01	2.512860E-02	0.000000E+00
3.772183E+03	-1.711832E+01	2.324037E-02	0.000000E+00
3.859274E+03	-1.706960E+01	2.188001E-02	0.000000E+00
3.948375E+03	-1.701851E+01	2.084396E-02	0.000000E+00
4.039534E+03	-1.697673E+01	1.968844E-02	0.000000E+00
4.132797E+03	-1.694423E+01	1.831973E-02	0.000000E+00
4.228214E+03	-1.691188E+01	1.687844E-02	0.000000E+00
4.325833E+03	-1.686972E+01	1.554530E-02	0.000000E+00
4.425707E+03	-1.681324E+01	1.443280E-02	0.000000E+00
4.527886E+03	-1.674506E+01	1.346723E-02	0.000000E+00
4.632424E+03	-1.667126E+01	1.237520E-02	0.000000E+00
4.739376E+03	-1.659908E+01	1.115597E-02	0.000000E+00
4.848796E+03	-1.653901E+01	1.034547E-02	0.000000E+00
4.960744E+03	-1.649569E+01	1.013540E-02	0.000000E+00
5.075276E+03	-1.646583E+01	9.961105E-03	0.000000E+00
5.192452E+03	-1.644854E+01	9.676278E-03	0.000000E+00
5.312333E+03	-1.644397E+01	9.428897E-03	0.000000E+00
5.434982E+03	-1.644812E+01	9.412289E-03	0.000000E+00
5.560463E+03	-1.644802E+01	9.588974E-03	0.000000E+00
5.688841E+03	-1.643613E+01	9.746727E-03	0.000000E+00
5.820183E+03	-1.642073E+01	9.621634E-03	0.000000E+00
5.954557E+03	-1.640832E+01	9.281116E-03	0.000000E+00
6.092034E+03	-1.639821E+01	8.807909E-03	0.000000E+00
6.232684E+03	-1.638902E+01	8.410375E-03	0.000000E+00
6.376582E+03	-1.638105E+01	8.334279E-03	0.000000E+00
6.523803E+03	-1.637596E+01	8.379099E-03	0.000000E+00
6.674422E+03	-1.637083E+01	8.472097E-03	0.000000E+00
6.828518E+03	-1.636290E+01	8.441373E-03	0.000000E+00
6.986173E+03	-1.635282E+01	8.330611E-03	0.000000E+00
7.147467E+03	-1.634454E+01	8.274982E-03	0.000000E+00
7.312485E+03	-1.633977E+01	8.242769E-03	0.000000E+00
7.481313E+03	-1.633953E+01	8.126047E-03	0.000000E+00
7.654039E+03	-1.634254E+01	7.978812E-03	0.000000E+00
7.830752E+03	-1.634535E+01	7.923925E-03	0.000000E+00
8.011546E+03	-1.635400E+01	8.063657E-03	0.000000E+00
8.196514E+03	-1.637020E+01	8.174181E-03	0.000000E+00
8.385752E+03	-1.638766E+01	8.160447E-03	0.000000E+00
8.579359E+03	-1.639794E+01	8.123832E-03	0.000000E+00
8.777436E+03	-1.639935E+01	8.136244E-03	0.000000E+00
8.980086E+03	-1.639037E+01	8.057858E-03	0.000000E+00
9.187415E+03	-1.636801E+01	8.258809E-03	0.000000E+00
9.399531E+03	-1.633005E+01	8.697737E-03	0.000000E+00
9.616544E+03	-1.628128E+01	8.744152E-03	0.000000E+00
9.838567E+03	-1.623260E+01	8.759334E-03	0.000000E+00
1.006572E+04	-1.619364E+01	8.985430E-03	0.000000E+00
1.029811E+04	-1.617347E+01	9.362838E-03	0.000000E+00
1.053587E+04	-1.616983E+01	9.815302E-03	0.000000E+00
1.077912E+04	-1.617264E+01	1.016259E-02	0.000000E+00
1.102798E+04	-1.618397E+01	1.049950E-02	0.000000E+00
1.128259E+04	-1.620889E+01	1.083663E-02	0.000000E+00
1.154308E+04	-1.624379E+01	1.071279E-02	0.000000E+00
1.180958E+04	-1.628101E+01	1.044821E-02	0.000000E+00
1.208224E+04	-1.631724E+01	1.013028E-02	0.000000E+00
1.236119E+04	-1.635526E+01	9.513571E-03	0.000000E+00
1.264658E+04	-1.639329E+01	9.951415E-03	0.000000E+00
1.293856E+04	-1.641658E+01	1.076924E-02	0.000000E+00
1.323728E+04	-1.641155E+01	1.142786E-02	0.000000E+00
1.354290E+04	-1.638526E+01	1.294092E-02	0.000000E+00
1.385557E+04	-1.636657E+01	1.394828E-02	0.000000E+00
1.417546E+04	-1.637604E+01	1.329643E-02	0.000000E+00
1.450274E+04	-1.640500E+01	1.200921E-02	0.000000E+00
1.483757E+04	-1.642918E+01	1.118378E-02	0.000000E+00
1.518014E+04	-1.643639E+01	1.065191E-02	0.000000E+00
1.553061E+04	-1.643987E+01	1.042332E-02	0.000000E+00
1.588918E+04	-1.646056E+01	1.012329E-02	0.000000E+00
1.625602E+04	-1.650319E+01	9.571047E-03	0.000000E+00
1.663133E+04	-1.655095E+01	9.804222E-03	0.000000E+00
1.701531E+04	-1.658778E+01	1.038895E-02	0.000000E+00
1.740815E+04	-1.660812E+01	1.085809E-02	0.000000E+00
1.781007E+04	-1.660313E+01	1.176822E-02	0.000000E+00
1.822126E+04	-1.657259E+01	1.361906E-02	0.000000E+00
1.864194E+04	-1.654329E+01	1.502041E-02	0.000000E+00
1.907234E+04	-1.654427E+01	1.466962E-02	0.000000E+00
1.951268E+04	-1.657059E+01	1.334233E-02	0.000000E+00
1.996318E+04	-1.659842E+01	1.238514E-02	0.000000E+00
2.042408E+04	-1.662075E+01	1.192217E-02	0.000000E+00
2.089563E+04	-1.664879E+01	1.136911E-02	0.000000E+00
2.137806E+04	-1.669207E+01	1.071631E-02	0.000000E+00
2.187163E+04	-1.675116E+01	1.158799E-02	0.000000E+00
2.237659E+04	-1.682414E+01	1.391416E-02	0.000000E+00
2.289321E+04	-1.689938E+01	1.657957E-02	0.000000E+00
2.342176E+04	-1.695469E+01	1.987990E-02	0.000000E+00
2.396252E+04	-1.697904E+01	2.634054E-02	0.000000E+00
2.451575E+04	-1.697865E+01	4.059085E-02	0.000000E+00
