#wls	flux	fluxerr	mangling_mask
3.289393E+03	-1.697058E+01	5.162864E-02	0.000000E+00
3.365337E+03	-1.702758E+01	3.926085E-02	0.000000E+00
3.443035E+03	-1.707964E+01	3.344456E-02	0.000000E+00
3.522526E+03	-1.712011E+01	3.079790E-02	0.000000E+00
3.603853E+03	-1.714198E+01	2.875807E-02	0.000000E+00
3.687058E+03	-1.714064E+01	2.662948E-02	0.000000E+00
3.772183E+03	-1.711751E+01	2.465519E-02	0.000000E+00
3.859274E+03	-1.707942E+01	2.318643E-02	0.000000E+00
3.948375E+03	-1.703611E+01	2.203731E-02	0.000000E+00
4.039534E+03	-1.699542E+01	2.077273E-02	0.000000E+00
4.132797E+03	-1.695852E+01	1.928075E-02	0.000000E+00
4.228214E+03	-1.692056E+01	1.770863E-02	0.000000E+00
4.325833E+03	-1.687488E+01	1.624745E-02	0.000000E+00
4.425707E+03	-1.681823E+01	1.502474E-02	0.000000E+00
4.527886E+03	-1.675309E+01	1.397579E-02	0.000000E+00
4.632424E+03	-1.668527E+01	1.283302E-02	0.000000E+00
4.739376E+03	-1.662154E+01	1.160305E-02	0.000000E+00
4.848796E+03	-1.657013E+01	1.079738E-02	0.000000E+00
4.960744E+03	-1.653389E+01	1.058744E-02	0.000000E+00
5.075276E+03	-1.650902E+01	1.044135E-02	0.000000E+00
5.192452E+03	-1.649397E+01	1.019064E-02	0.000000E+00
5.312333E+03	-1.648901E+01	9.982730E-03	0.000000E+00
5.434982E+03	-1.649176E+01	1.000534E-02	0.000000E+00
5.560463E+03	-1.649205E+01	1.019986E-02	0.000000E+00
5.688841E+03	-1.648225E+01	1.034315E-02	0.000000E+00
5.820183E+03	-1.646685E+01	1.020897E-02	0.000000E+00
5.954557E+03	-1.645095E+01	9.848781E-03	0.000000E+00
6.092034E+03	-1.643556E+01	9.355682E-03	0.000000E+00
6.232684E+03	-1.642208E+01	8.954687E-03	0.000000E+00
6.376582E+03	-1.641233E+01	8.871558E-03	0.000000E+00
6.523803E+03	-1.640615E+01	8.920796E-03	0.000000E+00
6.674422E+03	-1.639883E+01	9.005578E-03	0.000000E+00
6.828518E+03	-1.638788E+01	8.979750E-03	0.000000E+00
6.986173E+03	-1.637528E+01	8.877872E-03	0.000000E+00
7.147467E+03	-1.636506E+01	8.818912E-03	0.000000E+00
7.312485E+03	-1.635918E+01	8.775124E-03	0.000000E+00
7.481313E+03	-1.635822E+01	8.652431E-03	0.000000E+00
7.654039E+03	-1.636021E+01	8.504482E-03	0.000000E+00
7.830752E+03	-1.636264E+01	8.459473E-03	0.000000E+00
8.011546E+03	-1.637123E+01	8.597021E-03	0.000000E+00
8.196514E+03	-1.638693E+01	8.710252E-03	0.000000E+00
8.385752E+03	-1.640306E+01	8.704316E-03	0.000000E+00
8.579359E+03	-1.641193E+01	8.668238E-03	0.000000E+00
8.777436E+03	-1.641205E+01	8.662554E-03	0.000000E+00
8.980086E+03	-1.640181E+01	8.588351E-03	0.000000E+00
9.187415E+03	-1.637751E+01	8.775033E-03	0.000000E+00
9.399531E+03	-1.633717E+01	9.168459E-03	0.000000E+00
9.616544E+03	-1.628603E+01	9.207022E-03	0.000000E+00
9.838567E+03	-1.623547E+01	9.185244E-03	0.000000E+00
1.006572E+04	-1.619585E+01	9.361964E-03	0.000000E+00
1.029811E+04	-1.617444E+01	9.717900E-03	0.000000E+00
1.053587E+04	-1.616948E+01	1.017019E-02	0.000000E+00
1.077912E+04	-1.617201E+01	1.053391E-02	0.000000E+00
1.102798E+04	-1.618350E+01	1.087279E-02	0.000000E+00
1.128259E+04	-1.620808E+01	1.117366E-02	0.000000E+00
1.154308E+04	-1.624242E+01	1.106025E-02	0.000000E+00
1.180958E+04	-1.627931E+01	1.079261E-02	0.000000E+00
1.208224E+04	-1.631523E+01	1.044360E-02	0.000000E+00
1.236119E+04	-1.635231E+01	9.894260E-03	0.000000E+00
1.264658E+04	-1.638881E+01	1.030429E-02	0.000000E+00
1.293856E+04	-1.641096E+01	1.112460E-02	0.000000E+00
1.323728E+04	-1.640594E+01	1.189379E-02	0.000000E+00
1.354290E+04	-1.638055E+01	1.337175E-02	0.000000E+00
1.385557E+04	-1.636128E+01	1.433082E-02	0.000000E+00
1.417546E+04	-1.636724E+01	1.373331E-02	0.000000E+00
1.450274E+04	-1.639139E+01	1.248130E-02	0.000000E+00
1.483757E+04	-1.641230E+01	1.160866E-02	0.000000E+00
1.518014E+04	-1.641884E+01	1.104792E-02	0.000000E+00
1.553061E+04	-1.642277E+01	1.077364E-02	0.000000E+00
1.588918E+04	-1.644303E+01	1.044439E-02	0.000000E+00
1.625602E+04	-1.648412E+01	9.943859E-03	0.000000E+00
1.663133E+04	-1.653099E+01	1.015765E-02	0.000000E+00
1.701531E+04	-1.656774E+01	1.074091E-02	0.000000E+00
1.740815E+04	-1.658720E+01	1.126379E-02	0.000000E+00
1.781007E+04	-1.658154E+01	1.222928E-02	0.000000E+00
1.822126E+04	-1.655244E+01	1.403097E-02	0.000000E+00
1.864194E+04	-1.652482E+01	1.537900E-02	0.000000E+00
1.907234E+04	-1.652477E+01	1.507961E-02	0.000000E+00
1.951268E+04	-1.654881E+01	1.380704E-02	0.000000E+00
1.996318E+04	-1.657613E+01	1.281420E-02	0.000000E+00
2.042408E+04	-1.659926E+01	1.226909E-02	0.000000E+00
2.089563E+04	-1.662704E+01	1.166123E-02	0.000000E+00
2.137806E+04	-1.666876E+01	1.106089E-02	0.000000E+00
2.187163E+04	-1.672667E+01	1.194354E-02	0.000000E+00
2.237659E+04	-1.679842E+01	1.428936E-02	0.000000E+00
2.289321E+04	-1.687179E+01	1.707843E-02	0.000000E+00
2.342176E+04	-1.692652E+01	2.065617E-02	0.000000E+00
2.396252E+04	-1.695267E+01	2.756763E-02	0.000000E+00
2.451575E+04	-1.695530E+01	4.191712E-02	0.000000E+00
