#wls	flux	fluxerr	mangling_mask
3.289393E+03	-1.498586E+01	9.043460E-02	2.109030E-01
3.365337E+03	-1.499188E+01	7.665187E-02	2.109030E-01
3.443035E+03	-1.498717E+01	6.420935E-02	2.109030E-01
3.522526E+03	-1.496973E+01	5.408547E-02	2.109030E-01
3.603853E+03	-1.493938E+01	4.593587E-02	2.109030E-01
3.687058E+03	-1.489971E+01	3.905965E-02	2.109030E-01
3.772183E+03	-1.485935E+01	3.385250E-02	2.109030E-01
3.859274E+03	-1.482807E+01	3.091048E-02	2.109030E-01
3.948375E+03	-1.481224E+01	2.955744E-02	2.109030E-01
4.039534E+03	-1.481339E+01	2.875213E-02	2.109030E-01
4.132797E+03	-1.482827E+01	2.810811E-02	2.109030E-01
4.228214E+03	-1.485114E+01	2.753343E-02	2.109030E-01
4.325833E+03	-1.487607E+01	2.694568E-02	2.109030E-01
4.425707E+03	-1.489982E+01	2.637049E-02	2.109030E-01
4.527886E+03	-1.492217E+01	2.581380E-02	2.109030E-01
4.632424E+03	-1.494349E+01	2.523933E-02	2.109030E-01
4.739376E+03	-1.496376E+01	2.465684E-02	2.109030E-01
4.848796E+03	-1.498444E+01	2.407900E-02	2.109030E-01
4.960744E+03	-1.500601E+01	2.345631E-02	2.109030E-01
5.075276E+03	-1.502643E+01	2.278993E-02	2.109030E-01
5.192452E+03	-1.504505E+01	2.215065E-02	2.109030E-01
5.312333E+03	-1.506329E+01	2.151669E-02	2.109030E-01
5.434982E+03	-1.508333E+01	2.084582E-02	2.109030E-01
5.560463E+03	-1.510391E+01	2.017335E-02	2.109030E-01
5.688841E+03	-1.512275E+01	1.954046E-02	2.109030E-01
5.820183E+03	-1.514164E+01	1.888648E-02	2.109030E-01
5.954557E+03	-1.516263E+01	1.810015E-02	2.109030E-01
6.092034E+03	-1.518573E+01	1.706141E-02	2.109030E-01
6.232684E+03	-1.521087E+01	1.565162E-02	2.109030E-01
6.376582E+03	-1.523761E+01	1.392939E-02	2.109030E-01
6.523803E+03	-1.526442E+01	1.235939E-02	2.114085E-01
6.674422E+03	-1.528980E+01	1.138246E-02	2.119611E-01
6.828518E+03	-1.531485E+01	1.094284E-02	2.125221E-01
6.986173E+03	-1.534075E+01	1.087987E-02	2.130912E-01
7.147467E+03	-1.536649E+01	1.095479E-02	2.136672E-01
7.312485E+03	-1.538948E+01	1.097895E-02	2.142493E-01
7.481313E+03	-1.540893E+01	1.095192E-02	2.148364E-01
7.654039E+03	-1.542512E+01	1.092189E-02	2.154271E-01
7.830752E+03	-1.543935E+01	1.092652E-02	2.160197E-01
8.011546E+03	-1.545713E+01	1.097789E-02	2.166097E-01
8.196514E+03	-1.548041E+01	1.103759E-02	2.171897E-01
8.385752E+03	-1.550769E+01	1.109484E-02	2.177524E-01
8.579359E+03	-1.553892E+01	1.118285E-02	2.182900E-01
8.777436E+03	-1.557658E+01	1.133368E-02	2.187943E-01
8.980086E+03	-1.561922E+01	1.155455E-02	2.192567E-01
9.187415E+03	-1.566165E+01	1.193257E-02	2.196683E-01
9.399531E+03	-1.570047E+01	1.249133E-02	2.200172E-01
9.616544E+03	-1.573858E+01	1.341309E-02	2.202886E-01
9.838567E+03	-1.578375E+01	1.531842E-02	2.204668E-01
1.006572E+04	-1.584172E+01	1.828080E-02	2.204861E-01
1.029811E+04	-1.591230E+01	2.220195E-02	2.204861E-01
1.053587E+04	-1.598529E+01	2.736932E-02	2.204861E-01
1.077912E+04	-1.604667E+01	3.360925E-02	2.204861E-01
1.102798E+04	-1.609227E+01	3.942289E-02	2.204861E-01
1.128259E+04	-1.612447E+01	4.301062E-02	2.204861E-01
1.154308E+04	-1.614555E+01	4.328239E-02	2.204861E-01
1.180958E+04	-1.615802E+01	4.022300E-02	2.204861E-01
1.208224E+04	-1.616668E+01	3.503921E-02	2.204861E-01
1.236119E+04	-1.617778E+01	3.090749E-02	2.204861E-01
1.264658E+04	-1.619392E+01	3.255641E-02	2.204861E-01
1.293856E+04	-1.621065E+01	4.015611E-02	2.204861E-01
1.323728E+04	-1.622329E+01	4.977445E-02	2.204861E-01
1.354290E+04	-1.623535E+01	5.860730E-02	2.204861E-01
1.385557E+04	-1.625780E+01	6.507402E-02	2.204861E-01
1.417546E+04	-1.629708E+01	6.836920E-02	2.204861E-01
1.450274E+04	-1.634728E+01	6.837948E-02	2.204861E-01
1.483757E+04	-1.639617E+01	6.544975E-02	2.204861E-01
1.518014E+04	-1.643709E+01	6.021561E-02	2.204861E-01
1.553061E+04	-1.647397E+01	5.374433E-02	2.204861E-01
1.588918E+04	-1.651333E+01	4.787853E-02	2.204861E-01
1.625602E+04	-1.655498E+01	4.545663E-02	2.204861E-01
1.663133E+04	-1.659125E+01	4.837855E-02	2.204861E-01
1.701531E+04	-1.661651E+01	5.510622E-02	2.204861E-01
1.740815E+04	-1.663091E+01	6.284715E-02	2.204861E-01
1.781007E+04	-1.663473E+01	6.968223E-02	2.204861E-01
1.822126E+04	-1.663314E+01	7.445058E-02	2.204861E-01
1.864194E+04	-1.664156E+01	7.636587E-02	2.204861E-01
1.907234E+04	-1.667295E+01	7.501424E-02	2.204861E-01
1.951268E+04	-1.672257E+01	7.032360E-02	2.204861E-01
1.996318E+04	-1.677526E+01	6.245750E-02	2.204861E-01
2.042408E+04	-1.682291E+01	5.187039E-02	2.204861E-01
2.089563E+04	-1.686875E+01	3.988055E-02	2.204861E-01
2.137806E+04	-1.692074E+01	3.107046E-02	2.204861E-01
2.187163E+04	-1.698579E+01	3.476582E-02	2.204861E-01
2.237659E+04	-1.706583E+01	5.074575E-02	2.204861E-01
2.289321E+04	-1.715258E+01	7.184098E-02	2.204861E-01
2.342176E+04	-1.723015E+01	9.496838E-02	2.204861E-01
2.396252E+04	-1.728794E+01	1.194516E-01	2.204861E-01
2.451575E+04	-1.732515E+01	1.455303E-01	2.204861E-01
