#wls	flux	fluxerr
3.289393E+03	4.186747E-17	3.188148E-17
3.365337E+03	3.406484E-17	2.559325E-17
3.443035E+03	2.741626E-17	2.041352E-17
3.522526E+03	2.200863E-17	1.627874E-17
3.603853E+03	1.781631E-17	1.310552E-17
3.687058E+03	1.470388E-17	1.076291E-17
3.772183E+03	1.244359E-17	9.066903E-18
3.859274E+03	1.078200E-17	7.822324E-18
3.948375E+03	9.483457E-18	6.851600E-18
4.039534E+03	8.370479E-18	6.022503E-18
4.132797E+03	7.356685E-18	5.270754E-18
4.228214E+03	6.437078E-18	4.591768E-18
4.325833E+03	5.637174E-18	4.003058E-18
4.425707E+03	4.961061E-18	3.506667E-18
4.527886E+03	4.381360E-18	3.082320E-18
4.632424E+03	3.863913E-18	2.705209E-18
4.739376E+03	3.385092E-18	2.358212E-18
4.848796E+03	2.928831E-18	2.029790E-18
4.960744E+03	2.507233E-18	1.728157E-18
5.075276E+03	2.144584E-18	1.469758E-18
5.192452E+03	1.844095E-18	1.256301E-18
5.312333E+03	1.603303E-18	1.085549E-18
5.434982E+03	1.427578E-18	9.605618E-19
5.560463E+03	1.328524E-18	8.884120E-19
5.688841E+03	1.293738E-18	8.597949E-19
5.820183E+03	1.278586E-18	8.441808E-19
5.954557E+03	1.241670E-18	8.140615E-19
6.092034E+03	1.162397E-18	7.563794E-19
6.232684E+03	1.039806E-18	6.712474E-19
6.376582E+03	8.906591E-19	5.702268E-19
6.523803E+03	7.428680E-19	4.716148E-19
6.674422E+03	6.242885E-19	3.929698E-19
6.828518E+03	5.452816E-19	3.402348E-19
6.986173E+03	5.028409E-19	3.108878E-19
7.147467E+03	4.878295E-19	2.987388E-19
7.312485E+03	4.894796E-19	2.967875E-19
7.481313E+03	4.969242E-19	2.981997E-19
7.654039E+03	5.029584E-19	2.985835E-19
7.830752E+03	5.050379E-19	2.965058E-19
8.011546E+03	4.984648E-19	2.893912E-19
8.196514E+03	4.831329E-19	2.773810E-19
8.385752E+03	4.640149E-19	2.634573E-19
8.579359E+03	4.465465E-19	2.507569E-19
8.777436E+03	4.294837E-19	2.386264E-19
8.980086E+03	4.093560E-19	2.252835E-19
9.187415E+03	3.863720E-19	2.109980E-19
9.399531E+03	3.651193E-19	1.981762E-19
9.616544E+03	3.485881E-19	1.882078E-19
9.838567E+03	3.365336E-19	1.807940E-19
1.006572E+04	3.279599E-19	1.752729E-19
1.029811E+04	3.206784E-19	1.703643E-19
1.053587E+04	3.159908E-19	1.667166E-19
1.077912E+04	3.169493E-19	1.659232E-19
1.102798E+04	3.208829E-19	1.665588E-19
1.128259E+04	3.233142E-19	1.662789E-19
1.154308E+04	3.233693E-19	1.646269E-19
1.180958E+04	3.230364E-19	1.626246E-19
1.208224E+04	3.235096E-19	1.608683E-19
1.236119E+04	3.234631E-19	1.587236E-19
1.264658E+04	3.233685E-19	1.565152E-19
1.293856E+04	3.298529E-19	1.574119E-19
1.323728E+04	3.503006E-19	1.646624E-19
1.354290E+04	3.830735E-19	1.771312E-19
1.385557E+04	4.125561E-19	1.873299E-19
1.417546E+04	4.242601E-19	1.887978E-19
1.450274E+04	4.234722E-19	1.843281E-19
1.483757E+04	4.284177E-19	1.820755E-19
1.518014E+04	4.507422E-19	1.866871E-19
1.553061E+04	4.838297E-19	1.949166E-19
1.588918E+04	5.076267E-19	1.985557E-19
1.625602E+04	5.079727E-19	1.926560E-19
1.663133E+04	4.923762E-19	1.809739E-19
1.701531E+04	4.762428E-19	1.695186E-19
1.740815E+04	4.697909E-19	1.617249E-19
1.781007E+04	4.841657E-19	1.609359E-19
1.822126E+04	5.261356E-19	1.685529E-19
1.864194E+04	5.849567E-19	1.801051E-19
1.907234E+04	6.402433E-19	1.887484E-19
1.951268E+04	6.899621E-19	1.941866E-19
1.996318E+04	7.467593E-19	2.006019E-19
2.042408E+04	8.078411E-19	2.078706E-19
2.089563E+04	8.512824E-19	2.117279E-19
2.137806E+04	8.617449E-19	2.108493E-19
2.187163E+04	8.466690E-19	2.092542E-19
2.237659E+04	8.228193E-19	2.108686E-19
2.289321E+04	8.112311E-19	2.196261E-19
2.342176E+04	8.345021E-19	2.415618E-19
2.396252E+04	9.028446E-19	2.823091E-19
2.451575E+04	1.012559E-18	3.465784E-19
