#wls	flux	fluxerr	mangling_mask
3.289393E+03	-1.598686E+01	5.343125E-02	2.735934E-01
3.365337E+03	-1.600421E+01	4.031007E-02	2.746575E-01
3.443035E+03	-1.600868E+01	3.199021E-02	2.755954E-01
3.522526E+03	-1.599457E+01	2.735805E-02	2.763558E-01
3.603853E+03	-1.595595E+01	2.395583E-02	2.769172E-01
3.687058E+03	-1.589060E+01	2.006749E-02	2.772544E-01
3.772183E+03	-1.580557E+01	1.603744E-02	2.773347E-01
3.859274E+03	-1.571540E+01	1.319064E-02	2.771202E-01
3.948375E+03	-1.563686E+01	1.168447E-02	2.765693E-01
4.039534E+03	-1.558135E+01	1.082032E-02	2.756389E-01
4.132797E+03	-1.554855E+01	1.034544E-02	2.742819E-01
4.228214E+03	-1.552985E+01	1.006117E-02	2.724487E-01
4.325833E+03	-1.551539E+01	9.770247E-03	2.700859E-01
4.425707E+03	-1.549963E+01	9.514486E-03	2.671365E-01
4.527886E+03	-1.548259E+01	9.282872E-03	2.635388E-01
4.632424E+03	-1.546588E+01	9.022292E-03	2.592275E-01
4.739376E+03	-1.545093E+01	8.806748E-03	2.541928E-01
4.848796E+03	-1.544256E+01	8.796462E-03	2.486256E-01
4.960744E+03	-1.544229E+01	8.870666E-03	2.427121E-01
5.075276E+03	-1.544583E+01	8.822574E-03	2.365641E-01
5.192452E+03	-1.545222E+01	8.781553E-03	2.302824E-01
5.312333E+03	-1.546335E+01	8.708369E-03	2.239648E-01
5.434982E+03	-1.547976E+01	8.548801E-03	2.177077E-01
5.560463E+03	-1.549411E+01	8.413406E-03	2.116077E-01
5.688841E+03	-1.550076E+01	8.509804E-03	2.071511E-01
5.820183E+03	-1.550541E+01	8.641697E-03	2.071511E-01
5.954557E+03	-1.551210E+01	8.595466E-03	2.071511E-01
6.092034E+03	-1.551928E+01	8.369089E-03	2.071511E-01
6.232684E+03	-1.552591E+01	8.215508E-03	2.071511E-01
6.376582E+03	-1.553289E+01	8.333676E-03	2.071511E-01
6.523803E+03	-1.554271E+01	8.428647E-03	2.071511E-01
6.674422E+03	-1.555531E+01	8.465123E-03	2.071511E-01
6.828518E+03	-1.557099E+01	8.477080E-03	2.071511E-01
6.986173E+03	-1.559121E+01	8.506680E-03	2.071511E-01
7.147467E+03	-1.561742E+01	8.523011E-03	2.071511E-01
7.312485E+03	-1.564671E+01	8.485550E-03	2.071511E-01
7.481313E+03	-1.567572E+01	8.363566E-03	2.071511E-01
7.654039E+03	-1.570106E+01	8.242978E-03	2.071511E-01
7.830752E+03	-1.571953E+01	8.294599E-03	2.071511E-01
8.011546E+03	-1.573758E+01	8.519025E-03	2.071511E-01
8.196514E+03	-1.575793E+01	8.664833E-03	2.071511E-01
8.385752E+03	-1.577689E+01	8.674860E-03	2.071511E-01
8.579359E+03	-1.579035E+01	8.635002E-03	2.071511E-01
8.777436E+03	-1.579978E+01	8.696794E-03	2.071511E-01
8.980086E+03	-1.580440E+01	8.975622E-03	2.071511E-01
9.187415E+03	-1.580143E+01	9.724827E-03	2.071511E-01
9.399531E+03	-1.578983E+01	1.060313E-02	2.071511E-01
9.616544E+03	-1.577511E+01	1.090104E-02	2.071511E-01
9.838567E+03	-1.576750E+01	1.084565E-02	2.071511E-01
1.006572E+04	-1.577438E+01	1.069498E-02	2.071511E-01
1.029811E+04	-1.580014E+01	1.065365E-02	2.071511E-01
1.053587E+04	-1.583729E+01	1.097393E-02	2.071511E-01
1.077912E+04	-1.587134E+01	1.192436E-02	2.071511E-01
1.102798E+04	-1.590119E+01	1.321973E-02	2.071511E-01
1.128259E+04	-1.593133E+01	1.412777E-02	2.071511E-01
1.154308E+04	-1.596076E+01	1.395499E-02	2.071511E-01
1.180958E+04	-1.598636E+01	1.303365E-02	2.071511E-01
1.208224E+04	-1.600919E+01	1.181103E-02	2.071511E-01
1.236119E+04	-1.603479E+01	1.067888E-02	2.071511E-01
1.264658E+04	-1.606369E+01	1.129967E-02	2.071511E-01
1.293856E+04	-1.608474E+01	1.280076E-02	2.071511E-01
1.323728E+04	-1.608755E+01	1.435726E-02	2.071511E-01
1.354290E+04	-1.607833E+01	1.650128E-02	2.071511E-01
1.385557E+04	-1.608030E+01	1.803554E-02	2.071511E-01
1.417546E+04	-1.610893E+01	1.784862E-02	2.071511E-01
1.450274E+04	-1.615498E+01	1.649636E-02	2.071511E-01
1.483757E+04	-1.619659E+01	1.497895E-02	2.071511E-01
1.518014E+04	-1.622266E+01	1.370832E-02	2.071511E-01
1.553061E+04	-1.624321E+01	1.286912E-02	2.071511E-01
1.588918E+04	-1.627350E+01	1.198683E-02	2.071511E-01
1.625602E+04	-1.631503E+01	1.112818E-02	2.071511E-01
1.663133E+04	-1.635327E+01	1.151263E-02	2.071511E-01
1.701531E+04	-1.637742E+01	1.262773E-02	2.071511E-01
1.740815E+04	-1.638709E+01	1.387553E-02	2.071511E-01
1.781007E+04	-1.637867E+01	1.558937E-02	2.071511E-01
1.822126E+04	-1.635540E+01	1.777447E-02	2.071511E-01
1.864194E+04	-1.634276E+01	1.924899E-02	2.071511E-01
1.907234E+04	-1.636570E+01	1.923056E-02	2.071511E-01
1.951268E+04	-1.641690E+01	1.822757E-02	2.071511E-01
1.996318E+04	-1.647085E+01	1.698965E-02	2.071511E-01
2.042408E+04	-1.651697E+01	1.561191E-02	2.071511E-01
2.089563E+04	-1.656306E+01	1.373686E-02	2.071511E-01
2.137806E+04	-1.661926E+01	1.208301E-02	2.071511E-01
2.187163E+04	-1.669069E+01	1.378613E-02	2.071511E-01
2.237659E+04	-1.677913E+01	1.905349E-02	2.071511E-01
2.289321E+04	-1.687405E+01	2.598994E-02	2.071511E-01
2.342176E+04	-1.695272E+01	3.435821E-02	2.071511E-01
2.396252E+04	-1.700201E+01	4.560327E-02	2.071511E-01
2.451575E+04	-1.702543E+01	6.237101E-02	2.071511E-01
