#wls	flux	fluxerr	mangling_mask
3.289393E+03	-1.598844E+01	5.342803E-02	2.748617E-01
3.365337E+03	-1.600570E+01	4.030814E-02	2.761786E-01
3.443035E+03	-1.601038E+01	3.198880E-02	2.773799E-01
3.522526E+03	-1.599705E+01	2.735671E-02	2.784054E-01
3.603853E+03	-1.596044E+01	2.395447E-02	2.792310E-01
3.687058E+03	-1.589909E+01	2.006622E-02	2.798282E-01
3.772183E+03	-1.582004E+01	1.603631E-02	2.801550E-01
3.859274E+03	-1.573607E+01	1.318957E-02	2.801611E-01
3.948375E+03	-1.566064E+01	1.168339E-02	2.797917E-01
4.039534E+03	-1.560306E+01	1.081925E-02	2.789897E-01
4.132797E+03	-1.556412E+01	1.034439E-02	2.776932E-01
4.228214E+03	-1.553810E+01	1.006011E-02	2.758369E-01
4.325833E+03	-1.551722E+01	9.769196E-03	2.733503E-01
4.425707E+03	-1.549675E+01	9.513441E-03	2.701584E-01
4.527886E+03	-1.547672E+01	9.281839E-03	2.661794E-01
4.632424E+03	-1.545848E+01	9.021275E-03	2.613270E-01
4.739376E+03	-1.544305E+01	8.805745E-03	2.555998E-01
4.848796E+03	-1.543485E+01	8.795456E-03	2.494621E-01
4.960744E+03	-1.543518E+01	8.869642E-03	2.433654E-01
5.075276E+03	-1.543964E+01	8.821549E-03	2.374119E-01
5.192452E+03	-1.544708E+01	8.780527E-03	2.316433E-01
5.312333E+03	-1.545922E+01	8.707353E-03	2.260975E-01
5.434982E+03	-1.547654E+01	8.547814E-03	2.208112E-01
5.560463E+03	-1.549178E+01	8.412444E-03	2.158221E-01
5.688841E+03	-1.549943E+01	8.508823E-03	2.122756E-01
5.820183E+03	-1.550516E+01	8.640687E-03	2.122756E-01
5.954557E+03	-1.551296E+01	8.594449E-03	2.122756E-01
6.092034E+03	-1.552136E+01	8.368092E-03	2.122756E-01
6.232684E+03	-1.552942E+01	8.214526E-03	2.122756E-01
6.376582E+03	-1.553790E+01	8.332671E-03	2.122756E-01
6.523803E+03	-1.554874E+01	8.427624E-03	2.122756E-01
6.674422E+03	-1.556155E+01	8.464091E-03	2.122756E-01
6.828518E+03	-1.557680E+01	8.476047E-03	2.122756E-01
6.986173E+03	-1.559624E+01	8.505644E-03	2.122756E-01
7.147467E+03	-1.562148E+01	8.521975E-03	2.122756E-01
7.312485E+03	-1.564968E+01	8.484526E-03	2.122756E-01
7.481313E+03	-1.567764E+01	8.362575E-03	2.122756E-01
7.654039E+03	-1.570218E+01	8.242009E-03	2.122756E-01
7.830752E+03	-1.572025E+01	8.293608E-03	2.122756E-01
8.011546E+03	-1.573840E+01	8.518001E-03	2.122756E-01
8.196514E+03	-1.575929E+01	8.663795E-03	2.122756E-01
8.385752E+03	-1.577906E+01	8.673819E-03	2.122756E-01
8.579359E+03	-1.579335E+01	8.633975E-03	2.122756E-01
8.777436E+03	-1.580328E+01	8.695772E-03	2.122756E-01
8.980086E+03	-1.580760E+01	8.974565E-03	2.122756E-01
9.187415E+03	-1.580332E+01	9.723691E-03	2.122756E-01
9.399531E+03	-1.578998E+01	1.060192E-02	2.122756E-01
9.616544E+03	-1.577374E+01	1.089981E-02	2.122756E-01
9.838567E+03	-1.576511E+01	1.084444E-02	2.122756E-01
1.006572E+04	-1.577148E+01	1.069380E-02	2.122756E-01
1.029811E+04	-1.579701E+01	1.065244E-02	2.122756E-01
1.053587E+04	-1.583399E+01	1.097266E-02	2.122756E-01
1.077912E+04	-1.586787E+01	1.192299E-02	2.122756E-01
1.102798E+04	-1.589769E+01	1.321830E-02	2.122756E-01
1.128259E+04	-1.592810E+01	1.412630E-02	2.122756E-01
1.154308E+04	-1.595805E+01	1.395351E-02	2.122756E-01
1.180958E+04	-1.598437E+01	1.303222E-02	2.122756E-01
1.208224E+04	-1.600800E+01	1.180969E-02	2.122756E-01
1.236119E+04	-1.603434E+01	1.067766E-02	2.122756E-01
1.264658E+04	-1.606378E+01	1.129841E-02	2.122756E-01
1.293856E+04	-1.608517E+01	1.279936E-02	2.122756E-01
1.323728E+04	-1.608816E+01	1.435580E-02	2.122756E-01
1.354290E+04	-1.607905E+01	1.649978E-02	2.122756E-01
1.385557E+04	-1.608107E+01	1.803403E-02	2.122756E-01
1.417546E+04	-1.610969E+01	1.784713E-02	2.122756E-01
1.450274E+04	-1.615569E+01	1.649490E-02	2.122756E-01
1.483757E+04	-1.619721E+01	1.497748E-02	2.122756E-01
1.518014E+04	-1.622320E+01	1.370684E-02	2.122756E-01
1.553061E+04	-1.624369E+01	1.286769E-02	2.122756E-01
1.588918E+04	-1.627399E+01	1.198549E-02	2.122756E-01
1.625602E+04	-1.631553E+01	1.112694E-02	2.122756E-01
1.663133E+04	-1.635374E+01	1.151133E-02	2.122756E-01
1.701531E+04	-1.637783E+01	1.262632E-02	2.122756E-01
1.740815E+04	-1.638744E+01	1.387407E-02	2.122756E-01
1.781007E+04	-1.637898E+01	1.558790E-02	2.122756E-01
1.822126E+04	-1.635567E+01	1.777297E-02	2.122756E-01
1.864194E+04	-1.634298E+01	1.924748E-02	2.122756E-01
1.907234E+04	-1.636587E+01	1.922907E-02	2.122756E-01
1.951268E+04	-1.641700E+01	1.822608E-02	2.122756E-01
1.996318E+04	-1.647091E+01	1.698817E-02	2.122756E-01
2.042408E+04	-1.651705E+01	1.561048E-02	2.122756E-01
2.089563E+04	-1.656322E+01	1.373555E-02	2.122756E-01
2.137806E+04	-1.661955E+01	1.208187E-02	2.122756E-01
2.187163E+04	-1.669103E+01	1.378496E-02	2.122756E-01
2.237659E+04	-1.677948E+01	1.905213E-02	2.122756E-01
2.289321E+04	-1.687444E+01	2.598836E-02	2.122756E-01
2.342176E+04	-1.695320E+01	3.435638E-02	2.122756E-01
2.396252E+04	-1.700262E+01	4.560090E-02	2.122756E-01
2.451575E+04	-1.702617E+01	6.236728E-02	2.122756E-01
