#wls	flux	fluxerr	mangling_mask
3.289393E+03	-1.691541E+01	4.939199E-02	0.000000E+00
3.365337E+03	-1.699657E+01	3.689631E-02	0.000000E+00
3.443035E+03	-1.708202E+01	3.229536E-02	0.000000E+00
3.522526E+03	-1.716589E+01	3.089496E-02	0.000000E+00
3.603853E+03	-1.724029E+01	2.990152E-02	0.000000E+00
3.687058E+03	-1.729805E+01	2.890627E-02	0.000000E+00
3.772183E+03	-1.733715E+01	2.806582E-02	0.000000E+00
3.859274E+03	-1.736057E+01	2.743341E-02	0.000000E+00
3.948375E+03	-1.737440E+01	2.687372E-02	0.000000E+00
4.039534E+03	-1.738499E+01	2.622067E-02	0.000000E+00
4.132797E+03	-1.739482E+01	2.545044E-02	0.000000E+00
4.228214E+03	-1.740115E+01	2.471915E-02	0.000000E+00
4.325833E+03	-1.739819E+01	2.420064E-02	0.000000E+00
4.425707E+03	-1.738261E+01	2.377873E-02	0.000000E+00
4.527886E+03	-1.735634E+01	2.325946E-02	0.000000E+00
4.632424E+03	-1.732421E+01	2.255535E-02	0.000000E+00
4.739376E+03	-1.729224E+01	2.174826E-02	0.000000E+00
4.848796E+03	-1.726922E+01	2.112014E-02	0.000000E+00
4.960744E+03	-1.725862E+01	2.073418E-02	0.000000E+00
5.075276E+03	-1.725675E+01	2.024941E-02	0.000000E+00
5.192452E+03	-1.726206E+01	1.948851E-02	0.000000E+00
5.312333E+03	-1.727297E+01	1.851735E-02	0.000000E+00
5.434982E+03	-1.728244E+01	1.774876E-02	0.000000E+00
5.560463E+03	-1.727558E+01	1.778061E-02	0.000000E+00
5.688841E+03	-1.724759E+01	1.829056E-02	0.000000E+00
5.820183E+03	-1.721347E+01	1.831199E-02	0.000000E+00
5.954557E+03	-1.718667E+01	1.765898E-02	0.000000E+00
6.092034E+03	-1.717175E+01	1.649549E-02	0.000000E+00
6.232684E+03	-1.716983E+01	1.499030E-02	0.000000E+00
6.376582E+03	-1.717999E+01	1.353445E-02	0.000000E+00
6.523803E+03	-1.719825E+01	1.268213E-02	0.000000E+00
6.674422E+03	-1.721338E+01	1.241427E-02	0.000000E+00
6.828518E+03	-1.721469E+01	1.198974E-02	0.000000E+00
6.986173E+03	-1.719717E+01	1.130175E-02	0.000000E+00
7.147467E+03	-1.716379E+01	1.079101E-02	0.000000E+00
7.312485E+03	-1.712092E+01	1.059116E-02	0.000000E+00
7.481313E+03	-1.707696E+01	1.041999E-02	0.000000E+00
7.654039E+03	-1.703689E+01	9.999532E-03	0.000000E+00
7.830752E+03	-1.700036E+01	9.349201E-03	0.000000E+00
8.011546E+03	-1.697360E+01	9.072367E-03	0.000000E+00
8.196514E+03	-1.695860E+01	9.182864E-03	0.000000E+00
8.385752E+03	-1.695024E+01	9.262378E-03	0.000000E+00
8.579359E+03	-1.694085E+01	9.239398E-03	0.000000E+00
8.777436E+03	-1.692998E+01	9.096771E-03	0.000000E+00
8.980086E+03	-1.691836E+01	8.772738E-03	0.000000E+00
9.187415E+03	-1.690396E+01	8.911110E-03	0.000000E+00
9.399531E+03	-1.688239E+01	9.408593E-03	0.000000E+00
9.616544E+03	-1.685357E+01	9.615805E-03	0.000000E+00
9.838567E+03	-1.682263E+01	1.001911E-02	0.000000E+00
1.006572E+04	-1.679512E+01	1.069685E-02	0.000000E+00
1.029811E+04	-1.677852E+01	1.119536E-02	0.000000E+00
1.053587E+04	-1.677219E+01	1.147623E-02	0.000000E+00
1.077912E+04	-1.676886E+01	1.161472E-02	0.000000E+00
1.102798E+04	-1.677289E+01	1.191904E-02	0.000000E+00
1.128259E+04	-1.679096E+01	1.234125E-02	0.000000E+00
1.154308E+04	-1.682055E+01	1.226955E-02	0.000000E+00
1.180958E+04	-1.685403E+01	1.193514E-02	0.000000E+00
1.208224E+04	-1.688714E+01	1.149204E-02	0.000000E+00
1.236119E+04	-1.692171E+01	1.085891E-02	0.000000E+00
1.264658E+04	-1.695543E+01	1.128125E-02	0.000000E+00
1.293856E+04	-1.697316E+01	1.214683E-02	0.000000E+00
1.323728E+04	-1.696055E+01	1.272368E-02	0.000000E+00
1.354290E+04	-1.692412E+01	1.386459E-02	0.000000E+00
1.385557E+04	-1.689324E+01	1.459597E-02	0.000000E+00
1.417546E+04	-1.688918E+01	1.399188E-02	0.000000E+00
1.450274E+04	-1.690323E+01	1.285403E-02	0.000000E+00
1.483757E+04	-1.691039E+01	1.201274E-02	0.000000E+00
1.518014E+04	-1.689774E+01	1.130135E-02	0.000000E+00
1.553061E+04	-1.687936E+01	1.081991E-02	0.000000E+00
1.588918E+04	-1.687960E+01	1.032540E-02	0.000000E+00
1.625602E+04	-1.690739E+01	9.680055E-03	0.000000E+00
1.663133E+04	-1.694772E+01	9.947708E-03	0.000000E+00
1.701531E+04	-1.698263E+01	1.060302E-02	0.000000E+00
1.740815E+04	-1.700281E+01	1.115973E-02	0.000000E+00
1.781007E+04	-1.699556E+01	1.220976E-02	0.000000E+00
1.822126E+04	-1.695700E+01	1.417422E-02	0.000000E+00
1.864194E+04	-1.691104E+01	1.565226E-02	0.000000E+00
1.907234E+04	-1.688619E+01	1.530048E-02	0.000000E+00
1.951268E+04	-1.688010E+01	1.384484E-02	0.000000E+00
1.996318E+04	-1.687393E+01	1.272472E-02	0.000000E+00
2.042408E+04	-1.686597E+01	1.214734E-02	0.000000E+00
2.089563E+04	-1.687058E+01	1.145236E-02	0.000000E+00
2.137806E+04	-1.689663E+01	1.067871E-02	0.000000E+00
2.187163E+04	-1.694062E+01	1.154537E-02	0.000000E+00
2.237659E+04	-1.699635E+01	1.382542E-02	0.000000E+00
2.289321E+04	-1.705081E+01	1.617373E-02	0.000000E+00
2.342176E+04	-1.708340E+01	1.866189E-02	0.000000E+00
2.396252E+04	-1.708537E+01	2.393292E-02	0.000000E+00
2.451575E+04	-1.706430E+01	3.747012E-02	0.000000E+00
