#wls	flux	fluxerr	mangling_mask
3.289393E+03	-1.628942E+01	5.341955E-02	0.000000E+00
3.365337E+03	-1.630589E+01	4.030305E-02	0.000000E+00
3.443035E+03	-1.630873E+01	3.198507E-02	0.000000E+00
3.522526E+03	-1.629193E+01	2.735316E-02	0.000000E+00
3.603853E+03	-1.625030E+01	2.395089E-02	0.000000E+00
3.687058E+03	-1.618309E+01	2.006289E-02	0.000000E+00
3.772183E+03	-1.609817E+01	1.603334E-02	0.000000E+00
3.859274E+03	-1.600945E+01	1.318673E-02	0.000000E+00
3.948375E+03	-1.593212E+01	1.168056E-02	0.000000E+00
4.039534E+03	-1.587632E+01	1.081643E-02	0.000000E+00
4.132797E+03	-1.584148E+01	1.034160E-02	0.000000E+00
4.228214E+03	-1.581955E+01	1.005734E-02	0.000000E+00
4.325833E+03	-1.580134E+01	9.766426E-03	0.000000E+00
4.425707E+03	-1.578165E+01	9.510690E-03	0.000000E+00
4.527886E+03	-1.576097E+01	9.279120E-03	0.000000E+00
4.632424E+03	-1.574119E+01	9.018595E-03	0.000000E+00
4.739376E+03	-1.572297E+01	8.803105E-03	0.000000E+00
4.848796E+03	-1.570943E+01	8.792805E-03	0.000000E+00
4.960744E+03	-1.570213E+01	8.866945E-03	0.000000E+00
5.075276E+03	-1.569797E+01	8.818846E-03	0.000000E+00
5.192452E+03	-1.569612E+01	8.777824E-03	0.000000E+00
5.312333E+03	-1.569840E+01	8.704677E-03	0.000000E+00
5.434982E+03	-1.570631E+01	8.545214E-03	0.000000E+00
5.560463E+03	-1.571431E+01	8.409911E-03	0.000000E+00
5.688841E+03	-1.571790E+01	8.506239E-03	0.000000E+00
5.820183E+03	-1.572349E+01	8.638026E-03	0.000000E+00
5.954557E+03	-1.572916E+01	8.591771E-03	0.000000E+00
6.092034E+03	-1.573561E+01	8.365466E-03	0.000000E+00
6.232684E+03	-1.574412E+01	8.211940E-03	0.000000E+00
6.376582E+03	-1.575578E+01	8.330026E-03	0.000000E+00
6.523803E+03	-1.576982E+01	8.424931E-03	0.000000E+00
6.674422E+03	-1.578313E+01	8.461372E-03	0.000000E+00
6.828518E+03	-1.579790E+01	8.473327E-03	0.000000E+00
6.986173E+03	-1.581869E+01	8.502916E-03	0.000000E+00
7.147467E+03	-1.584661E+01	8.519245E-03	0.000000E+00
7.312485E+03	-1.587753E+01	8.481826E-03	0.000000E+00
7.481313E+03	-1.590758E+01	8.359964E-03	0.000000E+00
7.654039E+03	-1.593293E+01	8.239455E-03	0.000000E+00
7.830752E+03	-1.595101E+01	8.290998E-03	0.000000E+00
8.011546E+03	-1.596965E+01	8.515306E-03	0.000000E+00
8.196514E+03	-1.599180E+01	8.661059E-03	0.000000E+00
8.385752E+03	-1.601237E+01	8.671079E-03	0.000000E+00
8.579359E+03	-1.602684E+01	8.631268E-03	0.000000E+00
8.777436E+03	-1.603662E+01	8.693078E-03	0.000000E+00
8.980086E+03	-1.604080E+01	8.971781E-03	0.000000E+00
9.187415E+03	-1.603675E+01	9.720700E-03	0.000000E+00
9.399531E+03	-1.602433E+01	1.059873E-02	0.000000E+00
9.616544E+03	-1.601012E+01	1.089658E-02	0.000000E+00
9.838567E+03	-1.600449E+01	1.084126E-02	0.000000E+00
1.006572E+04	-1.601270E+01	1.069069E-02	0.000000E+00
1.029811E+04	-1.603717E+01	1.064926E-02	0.000000E+00
1.053587E+04	-1.607206E+01	1.096929E-02	0.000000E+00
1.077912E+04	-1.610512E+01	1.191941E-02	0.000000E+00
1.102798E+04	-1.613538E+01	1.321452E-02	0.000000E+00
1.128259E+04	-1.616628E+01	1.412243E-02	0.000000E+00
1.154308E+04	-1.619620E+01	1.394964E-02	0.000000E+00
1.180958E+04	-1.622226E+01	1.302843E-02	0.000000E+00
1.208224E+04	-1.624597E+01	1.180616E-02	0.000000E+00
1.236119E+04	-1.627305E+01	1.067447E-02	0.000000E+00
1.264658E+04	-1.630377E+01	1.129508E-02	0.000000E+00
1.293856E+04	-1.632655E+01	1.279568E-02	0.000000E+00
1.323728E+04	-1.633067E+01	1.435197E-02	0.000000E+00
1.354290E+04	-1.632215E+01	1.649585E-02	0.000000E+00
1.385557E+04	-1.632423E+01	1.803004E-02	0.000000E+00
1.417546E+04	-1.635247E+01	1.784320E-02	0.000000E+00
1.450274E+04	-1.639779E+01	1.649103E-02	0.000000E+00
1.483757E+04	-1.643856E+01	1.497360E-02	0.000000E+00
1.518014E+04	-1.646388E+01	1.370296E-02	0.000000E+00
1.553061E+04	-1.648390E+01	1.286389E-02	0.000000E+00
1.588918E+04	-1.651385E+01	1.198195E-02	0.000000E+00
1.625602E+04	-1.655513E+01	1.112366E-02	0.000000E+00
1.663133E+04	-1.659318E+01	1.150790E-02	0.000000E+00
1.701531E+04	-1.661721E+01	1.262260E-02	0.000000E+00
1.740815E+04	-1.662681E+01	1.387024E-02	0.000000E+00
1.781007E+04	-1.661834E+01	1.558404E-02	0.000000E+00
1.822126E+04	-1.659506E+01	1.776904E-02	0.000000E+00
1.864194E+04	-1.658246E+01	1.924352E-02	0.000000E+00
1.907234E+04	-1.660550E+01	1.922516E-02	0.000000E+00
1.951268E+04	-1.665683E+01	1.822218E-02	0.000000E+00
1.996318E+04	-1.671091E+01	1.698426E-02	0.000000E+00
2.042408E+04	-1.675701E+01	1.560671E-02	0.000000E+00
2.089563E+04	-1.680292E+01	1.373212E-02	0.000000E+00
2.137806E+04	-1.685901E+01	1.207884E-02	0.000000E+00
2.187163E+04	-1.693064E+01	1.378187E-02	0.000000E+00
2.237659E+04	-1.701941E+01	1.904856E-02	0.000000E+00
2.289321E+04	-1.711457E+01	2.598422E-02	0.000000E+00
2.342176E+04	-1.719350E+01	3.435154E-02	0.000000E+00
2.396252E+04	-1.724322E+01	4.559466E-02	0.000000E+00
2.451575E+04	-1.726720E+01	6.235745E-02	0.000000E+00
