#wls	flux	fluxerr	mangling_mask
3.289393E+03	-1.714886E+01	4.777195E-02	0.000000E+00
3.365337E+03	-1.721211E+01	3.567788E-02	0.000000E+00
3.443035E+03	-1.727569E+01	3.084454E-02	0.000000E+00
3.522526E+03	-1.733263E+01	2.909112E-02	0.000000E+00
3.603853E+03	-1.737400E+01	2.774499E-02	0.000000E+00
3.687058E+03	-1.739205E+01	2.631751E-02	0.000000E+00
3.772183E+03	-1.738566E+01	2.502431E-02	0.000000E+00
3.859274E+03	-1.736141E+01	2.403388E-02	0.000000E+00
3.948375E+03	-1.733175E+01	2.313206E-02	0.000000E+00
4.039534E+03	-1.730738E+01	2.203231E-02	0.000000E+00
4.132797E+03	-1.728891E+01	2.073234E-02	0.000000E+00
4.228214E+03	-1.726867E+01	1.946474E-02	0.000000E+00
4.325833E+03	-1.723799E+01	1.846277E-02	0.000000E+00
4.425707E+03	-1.719294E+01	1.762878E-02	0.000000E+00
4.527886E+03	-1.713622E+01	1.669719E-02	0.000000E+00
4.632424E+03	-1.707397E+01	1.547810E-02	0.000000E+00
4.739376E+03	-1.701327E+01	1.414576E-02	0.000000E+00
4.848796E+03	-1.696393E+01	1.333148E-02	0.000000E+00
4.960744E+03	-1.692983E+01	1.318475E-02	0.000000E+00
5.075276E+03	-1.690687E+01	1.303396E-02	0.000000E+00
5.192452E+03	-1.689333E+01	1.263503E-02	0.000000E+00
5.312333E+03	-1.688861E+01	1.216450E-02	0.000000E+00
5.434982E+03	-1.688800E+01	1.195104E-02	0.000000E+00
5.560463E+03	-1.687844E+01	1.210468E-02	0.000000E+00
5.688841E+03	-1.684904E+01	1.230788E-02	0.000000E+00
5.820183E+03	-1.681144E+01	1.210671E-02	0.000000E+00
5.954557E+03	-1.677638E+01	1.155664E-02	0.000000E+00
6.092034E+03	-1.674512E+01	1.084168E-02	0.000000E+00
6.232684E+03	-1.671741E+01	1.017910E-02	0.000000E+00
6.376582E+03	-1.669350E+01	9.777604E-03	0.000000E+00
6.523803E+03	-1.667351E+01	9.615981E-03	0.000000E+00
6.674422E+03	-1.665211E+01	9.665045E-03	0.000000E+00
6.828518E+03	-1.662561E+01	9.576822E-03	0.000000E+00
6.986173E+03	-1.659456E+01	9.345369E-03	0.000000E+00
7.147467E+03	-1.656326E+01	9.209484E-03	0.000000E+00
7.312485E+03	-1.653460E+01	9.155284E-03	0.000000E+00
7.481313E+03	-1.651124E+01	9.038227E-03	0.000000E+00
7.654039E+03	-1.649321E+01	8.877199E-03	0.000000E+00
7.830752E+03	-1.647771E+01	8.755024E-03	0.000000E+00
8.011546E+03	-1.646998E+01	8.845741E-03	0.000000E+00
8.196514E+03	-1.647183E+01	8.973680E-03	0.000000E+00
8.385752E+03	-1.647709E+01	9.009237E-03	0.000000E+00
8.579359E+03	-1.647724E+01	9.063194E-03	0.000000E+00
8.777436E+03	-1.647086E+01	9.153834E-03	0.000000E+00
8.980086E+03	-1.645730E+01	9.059126E-03	0.000000E+00
9.187415E+03	-1.643432E+01	9.184150E-03	0.000000E+00
9.399531E+03	-1.639925E+01	9.576052E-03	0.000000E+00
9.616544E+03	-1.635512E+01	9.645005E-03	0.000000E+00
9.838567E+03	-1.631094E+01	9.700763E-03	0.000000E+00
1.006572E+04	-1.627520E+01	9.913274E-03	0.000000E+00
1.029811E+04	-1.625288E+01	1.013197E-02	0.000000E+00
1.053587E+04	-1.624295E+01	1.034909E-02	0.000000E+00
1.077912E+04	-1.624007E+01	1.048756E-02	0.000000E+00
1.102798E+04	-1.624765E+01	1.071212E-02	0.000000E+00
1.128259E+04	-1.627133E+01	1.105685E-02	0.000000E+00
1.154308E+04	-1.630753E+01	1.100545E-02	0.000000E+00
1.180958E+04	-1.634819E+01	1.078891E-02	0.000000E+00
1.208224E+04	-1.638922E+01	1.046426E-02	0.000000E+00
1.236119E+04	-1.643269E+01	9.843608E-03	0.000000E+00
1.264658E+04	-1.647612E+01	1.032202E-02	0.000000E+00
1.293856E+04	-1.650393E+01	1.114741E-02	0.000000E+00
1.323728E+04	-1.650169E+01	1.159842E-02	0.000000E+00
1.354290E+04	-1.647618E+01	1.276170E-02	0.000000E+00
1.385557E+04	-1.645684E+01	1.351465E-02	0.000000E+00
1.417546E+04	-1.646495E+01	1.278741E-02	0.000000E+00
1.450274E+04	-1.649191E+01	1.161873E-02	0.000000E+00
1.483757E+04	-1.651313E+01	1.100376E-02	0.000000E+00
1.518014E+04	-1.651625E+01	1.062411E-02	0.000000E+00
1.553061E+04	-1.651524E+01	1.046377E-02	0.000000E+00
1.588918E+04	-1.653254E+01	1.015942E-02	0.000000E+00
1.625602E+04	-1.657411E+01	9.557853E-03	0.000000E+00
1.663133E+04	-1.662309E+01	9.798504E-03	0.000000E+00
1.701531E+04	-1.666231E+01	1.043305E-02	0.000000E+00
1.740815E+04	-1.668475E+01	1.092204E-02	0.000000E+00
1.781007E+04	-1.668001E+01	1.175309E-02	0.000000E+00
1.822126E+04	-1.664651E+01	1.347331E-02	0.000000E+00
1.864194E+04	-1.661051E+01	1.480558E-02	0.000000E+00
1.907234E+04	-1.660151E+01	1.444732E-02	0.000000E+00
1.951268E+04	-1.661572E+01	1.316551E-02	0.000000E+00
1.996318E+04	-1.663099E+01	1.230355E-02	0.000000E+00
2.042408E+04	-1.664227E+01	1.195768E-02	0.000000E+00
2.089563E+04	-1.666209E+01	1.153014E-02	0.000000E+00
2.137806E+04	-1.669984E+01	1.106995E-02	0.000000E+00
2.187163E+04	-1.675448E+01	1.226437E-02	0.000000E+00
2.237659E+04	-1.682253E+01	1.498984E-02	0.000000E+00
2.289321E+04	-1.689184E+01	1.795609E-02	0.000000E+00
2.342176E+04	-1.694059E+01	2.110316E-02	0.000000E+00
2.396252E+04	-1.695840E+01	2.668508E-02	0.000000E+00
2.451575E+04	-1.695201E+01	3.984854E-02	0.000000E+00
