#wls	flux	fluxerr	mangling_mask
3.289393E+03	-1.696014E+01	4.777911E-02	1.909724E-01
3.365337E+03	-1.702070E+01	3.568226E-02	1.909724E-01
3.443035E+03	-1.708120E+01	3.084865E-02	1.909724E-01
3.522526E+03	-1.713528E+01	2.909512E-02	1.909724E-01
3.603853E+03	-1.717532E+01	2.774873E-02	1.909724E-01
3.687058E+03	-1.719548E+01	2.632110E-02	1.909724E-01
3.772183E+03	-1.719589E+01	2.502782E-02	1.909724E-01
3.859274E+03	-1.718139E+01	2.403732E-02	1.909724E-01
3.948375E+03	-1.715876E+01	2.313545E-02	1.909724E-01
4.039534E+03	-1.713429E+01	2.203563E-02	1.909724E-01
4.132797E+03	-1.711024E+01	2.073555E-02	1.909724E-01
4.228214E+03	-1.708376E+01	1.946784E-02	1.909724E-01
4.325833E+03	-1.704882E+01	1.846580E-02	1.909724E-01
4.425707E+03	-1.700179E+01	1.763177E-02	1.909724E-01
4.527886E+03	-1.694451E+01	1.670013E-02	1.909724E-01
4.632424E+03	-1.688196E+01	1.548093E-02	1.909724E-01
4.739376E+03	-1.682048E+01	1.414845E-02	1.909724E-01
4.848796E+03	-1.676975E+01	1.333412E-02	1.909724E-01
4.960744E+03	-1.673403E+01	1.318743E-02	1.909724E-01
5.075276E+03	-1.670989E+01	1.303665E-02	1.909724E-01
5.192452E+03	-1.669611E+01	1.263768E-02	1.909724E-01
5.312333E+03	-1.669209E+01	1.216708E-02	1.909724E-01
5.434982E+03	-1.669238E+01	1.195356E-02	1.909724E-01
5.560463E+03	-1.668277E+01	1.210721E-02	1.909724E-01
5.688841E+03	-1.665625E+01	1.231047E-02	1.873576E-01
5.820183E+03	-1.662329E+01	1.210929E-02	1.820882E-01
5.954557E+03	-1.659268E+01	1.155917E-02	1.773111E-01
6.092034E+03	-1.656544E+01	1.084417E-02	1.732027E-01
6.232684E+03	-1.654140E+01	1.018157E-02	1.699428E-01
6.376582E+03	-1.652084E+01	9.780097E-03	1.677057E-01
6.523803E+03	-1.650359E+01	9.618508E-03	1.663855E-01
6.674422E+03	-1.648447E+01	9.667636E-03	1.657806E-01
6.828518E+03	-1.645923E+01	9.579430E-03	1.660197E-01
6.986173E+03	-1.642778E+01	9.347988E-03	1.668801E-01
7.147467E+03	-1.639459E+01	9.212144E-03	1.680893E-01
7.312485E+03	-1.636341E+01	9.157964E-03	1.693762E-01
7.481313E+03	-1.633809E+01	9.040872E-03	1.704694E-01
7.654039E+03	-1.631963E+01	8.879813E-03	1.710962E-01
7.830752E+03	-1.630547E+01	8.757653E-03	1.706903E-01
8.011546E+03	-1.630137E+01	8.848424E-03	1.678292E-01
8.196514E+03	-1.630870E+01	8.976409E-03	1.628147E-01
8.385752E+03	-1.632100E+01	9.011976E-03	1.563837E-01
8.579359E+03	-1.632919E+01	9.065937E-03	1.492634E-01
8.777436E+03	-1.633091E+01	9.156599E-03	1.421763E-01
8.980086E+03	-1.632411E+01	9.061871E-03	1.358452E-01
9.187415E+03	-1.630525E+01	9.186883E-03	1.309933E-01
9.399531E+03	-1.627163E+01	9.578817E-03	1.282949E-01
9.616544E+03	-1.622677E+01	9.647776E-03	1.281038E-01
9.838567E+03	-1.617973E+01	9.703563E-03	1.306599E-01
1.006572E+04	-1.613930E+01	9.916130E-03	1.359453E-01
1.029811E+04	-1.611509E+01	1.013494E-02	1.389585E-01
1.053587E+04	-1.610610E+01	1.035220E-02	1.389585E-01
1.077912E+04	-1.610364E+01	1.049072E-02	1.389585E-01
1.102798E+04	-1.611109E+01	1.071526E-02	1.389585E-01
1.128259E+04	-1.613442E+01	1.105996E-02	1.389585E-01
1.154308E+04	-1.617028E+01	1.100854E-02	1.389585E-01
1.180958E+04	-1.621064E+01	1.079201E-02	1.389585E-01
1.208224E+04	-1.625138E+01	1.046731E-02	1.389585E-01
1.236119E+04	-1.629454E+01	9.846477E-03	1.389585E-01
1.264658E+04	-1.633773E+01	1.032499E-02	1.389585E-01
1.293856E+04	-1.636541E+01	1.115058E-02	1.389585E-01
1.323728E+04	-1.636314E+01	1.160161E-02	1.389585E-01
1.354290E+04	-1.633767E+01	1.276497E-02	1.389585E-01
1.385557E+04	-1.631840E+01	1.351793E-02	1.389585E-01
1.417546E+04	-1.632663E+01	1.279059E-02	1.389585E-01
1.450274E+04	-1.635374E+01	1.162189E-02	1.389585E-01
1.483757E+04	-1.637513E+01	1.100696E-02	1.389585E-01
1.518014E+04	-1.637838E+01	1.062732E-02	1.389585E-01
1.553061E+04	-1.637736E+01	1.046695E-02	1.389585E-01
1.588918E+04	-1.639448E+01	1.016251E-02	1.389585E-01
1.625602E+04	-1.643581E+01	9.560749E-03	1.389585E-01
1.663133E+04	-1.648476E+01	9.801482E-03	1.389585E-01
1.701531E+04	-1.652410E+01	1.043620E-02	1.389585E-01
1.740815E+04	-1.654656E+01	1.092524E-02	1.389585E-01
1.781007E+04	-1.654171E+01	1.175629E-02	1.389585E-01
1.822126E+04	-1.650803E+01	1.347660E-02	1.389585E-01
1.864194E+04	-1.647183E+01	1.480896E-02	1.389585E-01
1.907234E+04	-1.646264E+01	1.445059E-02	1.389585E-01
1.951268E+04	-1.647667E+01	1.316872E-02	1.389585E-01
1.996318E+04	-1.649177E+01	1.230684E-02	1.389585E-01
2.042408E+04	-1.650283E+01	1.196095E-02	1.389585E-01
2.089563E+04	-1.652233E+01	1.153330E-02	1.389585E-01
2.137806E+04	-1.655977E+01	1.107298E-02	1.389585E-01
2.187163E+04	-1.661442E+01	1.226760E-02	1.389585E-01
2.237659E+04	-1.668282E+01	1.499349E-02	1.389585E-01
2.289321E+04	-1.675246E+01	1.796022E-02	1.389585E-01
2.342176E+04	-1.680130E+01	2.110768E-02	1.389585E-01
2.396252E+04	-1.681897E+01	2.668983E-02	1.389585E-01
2.451575E+04	-1.681229E+01	3.985576E-02	1.389585E-01
