#wls	flux	fluxerr	mangling_mask
3.289393E+03	-1.620867E+01	5.341613E-02	0.000000E+00
3.365337E+03	-1.622546E+01	4.030099E-02	0.000000E+00
3.443035E+03	-1.622865E+01	3.198356E-02	0.000000E+00
3.522526E+03	-1.621217E+01	2.735172E-02	0.000000E+00
3.603853E+03	-1.617000E+01	2.394944E-02	0.000000E+00
3.687058E+03	-1.610010E+01	2.006153E-02	0.000000E+00
3.772183E+03	-1.600987E+01	1.603212E-02	0.000000E+00
3.859274E+03	-1.591503E+01	1.318556E-02	0.000000E+00
3.948375E+03	-1.583481E+01	1.167937E-02	0.000000E+00
4.039534E+03	-1.578229E+01	1.081525E-02	0.000000E+00
4.132797E+03	-1.575598E+01	1.034043E-02	0.000000E+00
4.228214E+03	-1.574477E+01	1.005617E-02	0.000000E+00
4.325833E+03	-1.573727E+01	9.765253E-03	0.000000E+00
4.425707E+03	-1.572716E+01	9.509523E-03	0.000000E+00
4.527886E+03	-1.571424E+01	9.277967E-03	0.000000E+00
4.632424E+03	-1.570032E+01	9.017460E-03	0.000000E+00
4.739376E+03	-1.568690E+01	8.801986E-03	0.000000E+00
4.848796E+03	-1.567864E+01	8.791682E-03	0.000000E+00
4.960744E+03	-1.567738E+01	8.865805E-03	0.000000E+00
5.075276E+03	-1.567933E+01	8.817704E-03	0.000000E+00
5.192452E+03	-1.568361E+01	8.776682E-03	0.000000E+00
5.312333E+03	-1.569198E+01	8.703547E-03	0.000000E+00
5.434982E+03	-1.570537E+01	8.544116E-03	0.000000E+00
5.560463E+03	-1.571341E+01	8.408841E-03	0.000000E+00
5.688841E+03	-1.571345E+01	8.505150E-03	0.000000E+00
5.820183E+03	-1.571154E+01	8.636906E-03	0.000000E+00
5.954557E+03	-1.571167E+01	8.590644E-03	0.000000E+00
6.092034E+03	-1.571304E+01	8.364362E-03	0.000000E+00
6.232684E+03	-1.571466E+01	8.210851E-03	0.000000E+00
6.376582E+03	-1.571732E+01	8.328913E-03	0.000000E+00
6.523803E+03	-1.572404E+01	8.423798E-03	0.000000E+00
6.674422E+03	-1.573452E+01	8.460227E-03	0.000000E+00
6.828518E+03	-1.574865E+01	8.472182E-03	0.000000E+00
6.986173E+03	-1.576828E+01	8.501767E-03	0.000000E+00
7.147467E+03	-1.579501E+01	8.518095E-03	0.000000E+00
7.312485E+03	-1.582565E+01	8.480691E-03	0.000000E+00
7.481313E+03	-1.585604E+01	8.358865E-03	0.000000E+00
7.654039E+03	-1.588166E+01	8.238380E-03	0.000000E+00
7.830752E+03	-1.589919E+01	8.289898E-03	0.000000E+00
8.011546E+03	-1.591583E+01	8.514171E-03	0.000000E+00
8.196514E+03	-1.593478E+01	8.659906E-03	0.000000E+00
8.385752E+03	-1.595210E+01	8.669923E-03	0.000000E+00
8.579359E+03	-1.596410E+01	8.630126E-03	0.000000E+00
8.777436E+03	-1.597276E+01	8.691947E-03	0.000000E+00
8.980086E+03	-1.597747E+01	8.970623E-03	0.000000E+00
9.187415E+03	-1.597549E+01	9.719468E-03	0.000000E+00
9.399531E+03	-1.596596E+01	1.059743E-02	0.000000E+00
9.616544E+03	-1.595457E+01	1.089526E-02	0.000000E+00
9.838567E+03	-1.595140E+01	1.083996E-02	0.000000E+00
1.006572E+04	-1.596256E+01	1.068943E-02	0.000000E+00
1.029811E+04	-1.598982E+01	1.064797E-02	0.000000E+00
1.053587E+04	-1.602634E+01	1.096792E-02	0.000000E+00
1.077912E+04	-1.606008E+01	1.191795E-02	0.000000E+00
1.102798E+04	-1.609013E+01	1.321299E-02	0.000000E+00
1.128259E+04	-1.612050E+01	1.412086E-02	0.000000E+00
1.154308E+04	-1.614983E+01	1.394807E-02	0.000000E+00
1.180958E+04	-1.617521E+01	1.302689E-02	0.000000E+00
1.208224E+04	-1.619807E+01	1.180472E-02	0.000000E+00
1.236119E+04	-1.622406E+01	1.067317E-02	0.000000E+00
1.264658E+04	-1.625339E+01	1.129372E-02	0.000000E+00
1.293856E+04	-1.627472E+01	1.279419E-02	0.000000E+00
1.323728E+04	-1.627776E+01	1.435042E-02	0.000000E+00
1.354290E+04	-1.626876E+01	1.649426E-02	0.000000E+00
1.385557E+04	-1.627085E+01	1.802843E-02	0.000000E+00
1.417546E+04	-1.629942E+01	1.784161E-02	0.000000E+00
1.450274E+04	-1.634526E+01	1.648946E-02	0.000000E+00
1.483757E+04	-1.638659E+01	1.497203E-02	0.000000E+00
1.518014E+04	-1.641242E+01	1.370139E-02	0.000000E+00
1.553061E+04	-1.643280E+01	1.286235E-02	0.000000E+00
1.588918E+04	-1.646299E+01	1.198051E-02	0.000000E+00
1.625602E+04	-1.650445E+01	1.112232E-02	0.000000E+00
1.663133E+04	-1.654267E+01	1.150650E-02	0.000000E+00
1.701531E+04	-1.656683E+01	1.262109E-02	0.000000E+00
1.740815E+04	-1.657655E+01	1.386868E-02	0.000000E+00
1.781007E+04	-1.656818E+01	1.558247E-02	0.000000E+00
1.822126E+04	-1.654498E+01	1.776745E-02	0.000000E+00
1.864194E+04	-1.653241E+01	1.924191E-02	0.000000E+00
1.907234E+04	-1.655543E+01	1.922357E-02	0.000000E+00
1.951268E+04	-1.660667E+01	1.822059E-02	0.000000E+00
1.996318E+04	-1.666065E+01	1.698267E-02	0.000000E+00
2.042408E+04	-1.670677E+01	1.560517E-02	0.000000E+00
2.089563E+04	-1.675285E+01	1.373072E-02	0.000000E+00
2.137806E+04	-1.680913E+01	1.207759E-02	0.000000E+00
2.187163E+04	-1.688067E+01	1.378059E-02	0.000000E+00
2.237659E+04	-1.696921E+01	1.904709E-02	0.000000E+00
2.289321E+04	-1.706429E+01	2.598253E-02	0.000000E+00
2.342176E+04	-1.714323E+01	3.434956E-02	0.000000E+00
2.396252E+04	-1.719292E+01	4.559211E-02	0.000000E+00
2.451575E+04	-1.721681E+01	6.235345E-02	0.000000E+00
