#wls	flux	fluxerr	mangling_mask
3.289393E+03	-1.705064E+01	7.474911E-02	0.000000E+00
3.365337E+03	-1.713875E+01	6.605518E-02	0.000000E+00
3.443035E+03	-1.722916E+01	6.261872E-02	0.000000E+00
3.522526E+03	-1.731650E+01	6.113219E-02	0.000000E+00
3.603853E+03	-1.739436E+01	5.994570E-02	0.000000E+00
3.687058E+03	-1.745730E+01	5.873187E-02	0.000000E+00
3.772183E+03	-1.750371E+01	5.753111E-02	0.000000E+00
3.859274E+03	-1.753592E+01	5.636923E-02	0.000000E+00
3.948375E+03	-1.755872E+01	5.520245E-02	0.000000E+00
4.039534E+03	-1.757708E+01	5.396602E-02	0.000000E+00
4.132797E+03	-1.759315E+01	5.264496E-02	0.000000E+00
4.228214E+03	-1.760464E+01	5.130192E-02	0.000000E+00
4.325833E+03	-1.760688E+01	5.000650E-02	0.000000E+00
4.425707E+03	-1.759830E+01	4.871103E-02	0.000000E+00
4.527886E+03	-1.758202E+01	4.732614E-02	0.000000E+00
4.632424E+03	-1.756329E+01	4.580810E-02	0.000000E+00
4.739376E+03	-1.754721E+01	4.418644E-02	0.000000E+00
4.848796E+03	-1.753889E+01	4.255331E-02	0.000000E+00
4.960744E+03	-1.753909E+01	4.090834E-02	0.000000E+00
5.075276E+03	-1.754453E+01	3.909601E-02	0.000000E+00
5.192452E+03	-1.755399E+01	3.702202E-02	0.000000E+00
5.312333E+03	-1.756605E+01	3.476892E-02	0.000000E+00
5.434982E+03	-1.757451E+01	3.271888E-02	0.000000E+00
5.560463E+03	-1.756663E+01	3.142086E-02	0.000000E+00
5.688841E+03	-1.753790E+01	3.074808E-02	0.000000E+00
5.820183E+03	-1.750054E+01	2.991690E-02	0.000000E+00
5.954557E+03	-1.746792E+01	2.852678E-02	0.000000E+00
6.092034E+03	-1.744744E+01	2.655949E-02	0.000000E+00
6.232684E+03	-1.744274E+01	2.415122E-02	0.000000E+00
6.376582E+03	-1.745278E+01	2.166344E-02	0.000000E+00
6.523803E+03	-1.746975E+01	1.964567E-02	0.000000E+00
6.674422E+03	-1.748035E+01	1.825685E-02	0.000000E+00
6.828518E+03	-1.748373E+01	1.702539E-02	0.000000E+00
6.986173E+03	-1.749133E+01	1.579767E-02	0.000000E+00
7.147467E+03	-1.748160E+01	1.485290E-02	0.000000E+00
7.312485E+03	-1.745788E+01	1.426866E-02	0.000000E+00
7.481313E+03	-1.742446E+01	1.380607E-02	0.000000E+00
7.654039E+03	-1.738193E+01	1.320823E-02	0.000000E+00
7.830752E+03	-1.732686E+01	1.248122E-02	0.000000E+00
8.011546E+03	-1.726161E+01	1.204362E-02	0.000000E+00
8.196514E+03	-1.720449E+01	1.194434E-02	0.000000E+00
8.385752E+03	-1.716411E+01	1.189324E-02	0.000000E+00
8.579359E+03	-1.712662E+01	1.176846E-02	0.000000E+00
8.777436E+03	-1.708263E+01	1.150062E-02	0.000000E+00
8.980086E+03	-1.702425E+01	1.114307E-02	0.000000E+00
9.187415E+03	-1.694064E+01	1.130451E-02	0.000000E+00
9.399531E+03	-1.683013E+01	1.192871E-02	0.000000E+00
9.616544E+03	-1.673052E+01	1.247629E-02	0.000000E+00
9.838567E+03	-1.666376E+01	1.320310E-02	0.000000E+00
1.006572E+04	-1.664579E+01	1.418403E-02	0.000000E+00
1.029811E+04	-1.665049E+01	1.507427E-02	0.000000E+00
1.053587E+04	-1.665028E+01	1.574359E-02	0.000000E+00
1.077912E+04	-1.665100E+01	1.617641E-02	0.000000E+00
1.102798E+04	-1.665600E+01	1.657566E-02	0.000000E+00
1.128259E+04	-1.667103E+01	1.695861E-02	0.000000E+00
1.154308E+04	-1.669513E+01	1.700417E-02	0.000000E+00
1.180958E+04	-1.672271E+01	1.676815E-02	0.000000E+00
1.208224E+04	-1.675014E+01	1.628966E-02	0.000000E+00
1.236119E+04	-1.677824E+01	1.571218E-02	0.000000E+00
1.264658E+04	-1.680460E+01	1.596042E-02	0.000000E+00
1.293856E+04	-1.681641E+01	1.674554E-02	0.000000E+00
1.323728E+04	-1.680172E+01	1.739153E-02	0.000000E+00
1.354290E+04	-1.676659E+01	1.815120E-02	0.000000E+00
1.385557E+04	-1.673550E+01	1.847535E-02	0.000000E+00
1.417546E+04	-1.672622E+01	1.785728E-02	0.000000E+00
1.450274E+04	-1.673225E+01	1.684099E-02	0.000000E+00
1.483757E+04	-1.673313E+01	1.600210E-02	0.000000E+00
1.518014E+04	-1.671771E+01	1.526362E-02	0.000000E+00
1.553061E+04	-1.669739E+01	1.459139E-02	0.000000E+00
1.588918E+04	-1.669335E+01	1.384472E-02	0.000000E+00
1.625602E+04	-1.671474E+01	1.312463E-02	0.000000E+00
1.663133E+04	-1.674991E+01	1.321854E-02	0.000000E+00
1.701531E+04	-1.678180E+01	1.381124E-02	0.000000E+00
1.740815E+04	-1.679901E+01	1.446004E-02	0.000000E+00
1.781007E+04	-1.679024E+01	1.548161E-02	0.000000E+00
1.822126E+04	-1.675369E+01	1.705093E-02	0.000000E+00
1.864194E+04	-1.670891E+01	1.813767E-02	0.000000E+00
1.907234E+04	-1.667874E+01	1.774859E-02	0.000000E+00
1.951268E+04	-1.666332E+01	1.639681E-02	0.000000E+00
1.996318E+04	-1.664991E+01	1.520846E-02	0.000000E+00
2.042408E+04	-1.663756E+01	1.445809E-02	0.000000E+00
2.089563E+04	-1.663763E+01	1.374462E-02	0.000000E+00
2.137806E+04	-1.665821E+01	1.329384E-02	0.000000E+00
2.187163E+04	-1.669718E+01	1.451480E-02	0.000000E+00
2.237659E+04	-1.674699E+01	1.721904E-02	0.000000E+00
2.289321E+04	-1.679387E+01	2.019342E-02	0.000000E+00
2.342176E+04	-1.682051E+01	2.339100E-02	0.000000E+00
2.396252E+04	-1.681994E+01	2.906007E-02	0.000000E+00
2.451575E+04	-1.679797E+01	4.177365E-02	0.000000E+00
